     1.000144601,945,,dTLB-load-misses,442186,100.00
     1.000144601,69795,,dTLB-loads,442186,100.00
     1.000144601,24,,dTLB-store-misses,442186,100.00
     1.000144601,44587,,dTLB-stores,442186,100.00
     2.000382807,3294044,,dTLB-load-misses,921575016,100.00
     2.000382807,766808848,,dTLB-loads,921582211,100.00
     2.000382807,158490,,dTLB-store-misses,921585884,100.00
     2.000382807,393022246,,dTLB-stores,921589138,100.00
     3.000618041,3626108,,dTLB-load-misses,1000450338,100.00
     3.000618041,832784946,,dTLB-loads,1000450288,100.00
     3.000618041,189413,,dTLB-store-misses,1000450283,100.00
     3.000618041,426815390,,dTLB-stores,1000450175,100.00
     4.000852703,3694292,,dTLB-load-misses,1000463825,100.00
     4.000852703,829209309,,dTLB-loads,1000463496,100.00
     4.000852703,199188,,dTLB-store-misses,1000463486,100.00
     4.000852703,424937102,,dTLB-stores,1000463627,100.00
     5.001095211,3872781,,dTLB-load-misses,1000482383,100.00
     5.001095211,827911265,,dTLB-loads,1000482722,100.00
     5.001095211,248447,,dTLB-store-misses,1000482737,100.00
     5.001095211,424299032,,dTLB-stores,1000482681,100.00
     6.001329784,3811812,,dTLB-load-misses,1000484967,100.00
     6.001329784,827996321,,dTLB-loads,1000483605,100.00
     6.001329784,229284,,dTLB-store-misses,1000483748,100.00
     6.001329784,424299621,,dTLB-stores,1000483906,100.00
     7.001576634,3787307,,dTLB-load-misses,1000463336,100.00
     7.001576634,827687833,,dTLB-loads,1000462917,100.00
     7.001576634,218539,,dTLB-store-misses,1000462875,100.00
     7.001576634,424116122,,dTLB-stores,1000462689,100.00
     8.001790281,3785385,,dTLB-load-misses,1000470513,100.00
     8.001790281,828193493,,dTLB-loads,1000470595,100.00
     8.001790281,225403,,dTLB-store-misses,1000470514,100.00
     8.001790281,424374822,,dTLB-stores,1000470745,100.00
     9.001995353,3967087,,dTLB-load-misses,1000439227,100.00
     9.001995353,827285548,,dTLB-loads,1000439272,100.00
     9.001995353,287754,,dTLB-store-misses,1000439273,100.00
     9.001995353,423891761,,dTLB-stores,1000439169,100.00
    10.002231289,4029206,,dTLB-load-misses,1000493057,100.00
    10.002231289,826712667,,dTLB-loads,1000492952,100.00
    10.002231289,288821,,dTLB-store-misses,1000492829,100.00
    10.002231289,423604077,,dTLB-stores,1000492610,100.00
    11.002435509,3951534,,dTLB-load-misses,1000424564,100.00
    11.002435509,826864052,,dTLB-loads,1000424811,100.00
    11.002435509,283682,,dTLB-store-misses,1000424961,100.00
    11.002435509,423639117,,dTLB-stores,1000425008,100.00
    12.002661647,3837321,,dTLB-load-misses,1000474999,100.00
    12.002661647,827187195,,dTLB-loads,1000474753,100.00
    12.002661647,250288,,dTLB-store-misses,1000474689,100.00
    12.002661647,423796871,,dTLB-stores,1000474780,100.00
    13.002889766,3785883,,dTLB-load-misses,1000466887,100.00
    13.002889766,827263368,,dTLB-loads,1000466952,100.00
    13.002889766,243784,,dTLB-store-misses,1000466955,100.00
    13.002889766,423818224,,dTLB-stores,1000466882,100.00
    14.003123527,3969662,,dTLB-load-misses,1000486178,100.00
    14.003123527,826588909,,dTLB-loads,1000486217,100.00
    14.003123527,297401,,dTLB-store-misses,1000486175,100.00
    14.003123527,423442053,,dTLB-stores,1000486475,100.00
    15.003356728,3894991,,dTLB-load-misses,1000484374,100.00
    15.003356728,826105128,,dTLB-loads,1000484728,100.00
    15.003356728,271553,,dTLB-store-misses,1000484686,100.00
    15.003356728,423156330,,dTLB-stores,1000484357,100.00
    16.003603742,3896301,,dTLB-load-misses,1000465848,100.00
    16.003603742,826302780,,dTLB-loads,1000465532,100.00
    16.003603742,293117,,dTLB-store-misses,1000465997,100.00
    16.003603742,423256568,,dTLB-stores,1000465908,100.00
    17.003840974,3860661,,dTLB-load-misses,1000474354,100.00
    17.003840974,826084647,,dTLB-loads,1000474449,100.00
    17.003840974,275120,,dTLB-store-misses,1000474216,100.00
    17.003840974,423115846,,dTLB-stores,1000474439,100.00
    18.004069361,3866190,,dTLB-load-misses,1000476257,100.00
    18.004069361,826199923,,dTLB-loads,1000476316,100.00
    18.004069361,285540,,dTLB-store-misses,1000476178,100.00
    18.004069361,423161668,,dTLB-stores,1000476233,100.00
    19.004312026,3935833,,dTLB-load-misses,1000492151,100.00
    19.004312026,825921446,,dTLB-loads,1000492140,100.00
    19.004312026,299007,,dTLB-store-misses,1000492152,100.00
    19.004312026,422999805,,dTLB-stores,1000491915,100.00
    20.004547358,4071830,,dTLB-load-misses,1000489969,100.00
    20.004547358,824999579,,dTLB-loads,1000490190,100.00
    20.004547358,348749,,dTLB-store-misses,1000490157,100.00
    20.004547358,422516230,,dTLB-stores,1000490412,100.00
    21.004786533,3931573,,dTLB-load-misses,1000471070,100.00
    21.004786533,825124793,,dTLB-loads,1000470617,100.00
    21.004786533,303643,,dTLB-store-misses,1000470627,100.00
    21.004786533,422550147,,dTLB-stores,1000470801,100.00
    22.005022698,3886432,,dTLB-load-misses,1000476356,100.00
    22.005022698,825270689,,dTLB-loads,1000476507,100.00
    22.005022698,304185,,dTLB-store-misses,1000476676,100.00
    22.005022698,422634338,,dTLB-stores,1000476385,100.00
    23.005259461,3848697,,dTLB-load-misses,1000469774,100.00
    23.005259461,825237382,,dTLB-loads,1000470009,100.00
    23.005259461,289395,,dTLB-store-misses,1000469892,100.00
    23.005259461,422599686,,dTLB-stores,1000470035,100.00
    24.005491250,3870004,,dTLB-load-misses,1000470868,100.00
    24.005491250,825144813,,dTLB-loads,1000470665,100.00
    24.005491250,287565,,dTLB-store-misses,1000470612,100.00
    24.005491250,422511111,,dTLB-stores,1000470477,100.00
    25.005752485,4096559,,dTLB-load-misses,1000497955,100.00
    25.005752485,823862978,,dTLB-loads,1000497888,100.00
    25.005752485,358457,,dTLB-store-misses,1000497862,100.00
    25.005752485,421832078,,dTLB-stores,1000498053,100.00
    26.005960705,3951689,,dTLB-load-misses,1000453466,100.00
    26.005960705,824019343,,dTLB-loads,1000453339,100.00
    26.005960705,318739,,dTLB-store-misses,1000453365,100.00
    26.005960705,421888425,,dTLB-stores,1000453148,100.00
    27.006200834,3981755,,dTLB-load-misses,1000463195,100.00
    27.006200834,823205932,,dTLB-loads,1000463405,100.00
    27.006200834,331796,,dTLB-store-misses,1000463407,100.00
    27.006200834,421451136,,dTLB-stores,1000463517,100.00
    28.006410664,3870967,,dTLB-load-misses,1000440152,100.00
    28.006410664,823649099,,dTLB-loads,1000440117,100.00
    28.006410664,301923,,dTLB-store-misses,1000439941,100.00
    28.006410664,421672884,,dTLB-stores,1000439825,100.00
    29.006654795,3849344,,dTLB-load-misses,1000475668,100.00
    29.006654795,824333766,,dTLB-loads,1000475860,100.00
    29.006654795,287070,,dTLB-store-misses,1000476119,100.00
    29.006654795,422023885,,dTLB-stores,1000476289,100.00
    30.006884088,4016230,,dTLB-load-misses,1000477088,100.00
    30.006884088,823821905,,dTLB-loads,1000476883,100.00
    30.006884088,344946,,dTLB-store-misses,1000476795,100.00
    30.006884088,421721231,,dTLB-stores,1000476591,100.00
    31.007117528,3883033,,dTLB-load-misses,1000454306,100.00
    31.007117528,824211280,,dTLB-loads,1000454268,100.00
    31.007117528,294899,,dTLB-store-misses,1000454307,100.00
    31.007117528,421908508,,dTLB-stores,1000454424,100.00
    32.007387127,3912619,,dTLB-load-misses,1000515128,100.00
    32.007387127,823762537,,dTLB-loads,1000515495,100.00
    32.007387127,311221,,dTLB-store-misses,1000515445,100.00
    32.007387127,421656237,,dTLB-stores,1000515370,100.00
    33.007630641,3927281,,dTLB-load-misses,1000488593,100.00
    33.007630641,823734798,,dTLB-loads,1000488190,100.00
    33.007630641,317484,,dTLB-store-misses,1000488277,100.00
    33.007630641,421668442,,dTLB-stores,1000488442,100.00
    34.007871217,3941248,,dTLB-load-misses,1000484646,100.00
    34.007871217,823530942,,dTLB-loads,1000485142,100.00
    34.007871217,326550,,dTLB-store-misses,1000485433,100.00
    34.007871217,421516328,,dTLB-stores,1000485316,100.00
    35.008118923,3886892,,dTLB-load-misses,1000479000,100.00
    35.008118923,823672441,,dTLB-loads,1000478934,100.00
    35.008118923,315962,,dTLB-store-misses,1000478900,100.00
    35.008118923,421581363,,dTLB-stores,1000478972,100.00
    36.008363137,4108213,,dTLB-load-misses,1000486653,100.00
    36.008363137,823104843,,dTLB-loads,1000486228,100.00
    36.008363137,376897,,dTLB-store-misses,1000485868,100.00
    36.008363137,421295843,,dTLB-stores,1000485581,100.00
    37.008604962,3990314,,dTLB-load-misses,1000485254,100.00
    37.008604962,823149255,,dTLB-loads,1000485278,100.00
    37.008604962,355876,,dTLB-store-misses,1000485423,100.00
    37.008604962,421280961,,dTLB-stores,1000485603,100.00
    38.008845096,4050601,,dTLB-load-misses,1000456893,100.00
    38.008845096,822755127,,dTLB-loads,1000457041,100.00
    38.008845096,375691,,dTLB-store-misses,1000456993,100.00
    38.008845096,421054476,,dTLB-stores,1000456993,100.00
    39.009073384,3975463,,dTLB-load-misses,1000462714,100.00
    39.009073384,822665168,,dTLB-loads,1000462560,100.00
    39.009073384,339879,,dTLB-store-misses,1000462724,100.00
    39.009073384,420986866,,dTLB-stores,1000462743,100.00
    40.009305074,3908918,,dTLB-load-misses,1000472152,100.00
    40.009305074,823277452,,dTLB-loads,1000472188,100.00
    40.009305074,331007,,dTLB-store-misses,1000471997,100.00
    40.009305074,421286287,,dTLB-stores,1000472022,100.00
    41.009550718,3898833,,dTLB-load-misses,1000481760,100.00
    41.009550718,823090933,,dTLB-loads,1000481427,100.00
    41.009550718,326075,,dTLB-store-misses,1000481607,100.00
    41.009550718,421161092,,dTLB-stores,1000481450,100.00
    42.009828329,4071123,,dTLB-load-misses,1000505206,100.00
    42.009828329,822341332,,dTLB-loads,1000505855,100.00
    42.009828329,373456,,dTLB-store-misses,1000505798,100.00
    42.009828329,420778054,,dTLB-stores,1000505919,100.00
    43.010108150,3959256,,dTLB-load-misses,1000500823,100.00
    43.010108150,821669762,,dTLB-loads,1000500809,100.00
    43.010108150,354330,,dTLB-store-misses,1000500742,100.00
    43.010108150,420376267,,dTLB-stores,1000500959,100.00
    44.010318923,4060872,,dTLB-load-misses,1000413595,100.00
    44.010318923,821434172,,dTLB-loads,1000413395,100.00
    44.010318923,389823,,dTLB-store-misses,1000413157,100.00
    44.010318923,420252744,,dTLB-stores,1000412640,100.00
    45.010527769,3982924,,dTLB-load-misses,1000433856,100.00
    45.010527769,821613793,,dTLB-loads,1000433571,100.00
    45.010527769,358476,,dTLB-store-misses,1000433809,100.00
    45.010527769,420318457,,dTLB-stores,1000434043,100.00
    46.010728288,3890621,,dTLB-load-misses,1000417953,100.00
    46.010728288,822171030,,dTLB-loads,1000418253,100.00
    46.010728288,346684,,dTLB-store-misses,1000418016,100.00
    46.010728288,420610576,,dTLB-stores,1000418171,100.00
    47.010930737,3828254,,dTLB-load-misses,1000419348,100.00
    47.010930737,821991973,,dTLB-loads,1000419354,100.00
    47.010930737,333943,,dTLB-store-misses,1000419280,100.00
    47.010930737,420494884,,dTLB-stores,1000418876,100.00
    48.011189366,4008887,,dTLB-load-misses,1000490979,100.00
    48.011189366,821553694,,dTLB-loads,1000490911,100.00
    48.011189366,379994,,dTLB-store-misses,1000491396,100.00
    48.011189366,420283265,,dTLB-stores,1000491652,100.00
    49.011416090,3892327,,dTLB-load-misses,1000472496,100.00
    49.011416090,821481613,,dTLB-loads,1000472508,100.00
    49.011416090,346017,,dTLB-store-misses,1000472363,100.00
    49.011416090,420214216,,dTLB-stores,1000472357,100.00
    50.011649533,3915484,,dTLB-load-misses,1000465326,100.00
    50.011649533,821275264,,dTLB-loads,1000465172,100.00
    50.011649533,360048,,dTLB-store-misses,1000465219,100.00
    50.011649533,420074366,,dTLB-stores,1000465144,100.00
    51.011856458,3865961,,dTLB-load-misses,1000442714,100.00
    51.011856458,821105371,,dTLB-loads,1000443346,100.00
    51.011856458,349163,,dTLB-store-misses,1000443009,100.00
    51.011856458,419981652,,dTLB-stores,1000442918,100.00
    52.012060725,3830185,,dTLB-load-misses,1000443285,100.00
    52.012060725,821430885,,dTLB-loads,1000442777,100.00
    52.012060725,336663,,dTLB-store-misses,1000442951,100.00
    52.012060725,420140369,,dTLB-stores,1000442934,100.00
    53.012295052,3785908,,dTLB-load-misses,1000469996,100.00
    53.012295052,821385249,,dTLB-loads,1000469997,100.00
    53.012295052,340575,,dTLB-store-misses,1000470003,100.00
    53.012295052,420102072,,dTLB-stores,1000470018,100.00
    54.012512032,3947124,,dTLB-load-misses,1000451152,100.00
    54.012512032,820918335,,dTLB-loads,1000451184,100.00
    54.012512032,387972,,dTLB-store-misses,1000451087,100.00
    54.012512032,419837465,,dTLB-stores,1000451277,100.00
    55.012750622,3918735,,dTLB-load-misses,1000472688,100.00
    55.012750622,820537291,,dTLB-loads,1000472798,100.00
    55.012750622,365236,,dTLB-store-misses,1000472964,100.00
    55.012750622,419634162,,dTLB-stores,1000473347,100.00
    56.012954910,3892590,,dTLB-load-misses,1000422985,100.00
    56.012954910,820564446,,dTLB-loads,1000422840,100.00
    56.012954910,360179,,dTLB-store-misses,1000422742,100.00
    56.012954910,419651941,,dTLB-stores,1000422143,100.00
    57.013185786,3913321,,dTLB-load-misses,1000455295,100.00
    57.013185786,819789602,,dTLB-loads,1000455245,100.00
    57.013185786,368055,,dTLB-store-misses,1000455364,100.00
    57.013185786,419220128,,dTLB-stores,1000455647,100.00
    58.013448206,3872360,,dTLB-load-misses,1000511391,100.00
    58.013448206,821420785,,dTLB-loads,1000511344,100.00
    58.013448206,361964,,dTLB-store-misses,1000511301,100.00
    58.013448206,420016281,,dTLB-stores,1000511287,100.00
    59.013725545,3809310,,dTLB-load-misses,1000486484,100.00
    59.013725545,820672148,,dTLB-loads,1000486584,100.00
    59.013725545,356137,,dTLB-store-misses,1000486677,100.00
    59.013725545,419653326,,dTLB-stores,1000486716,100.00
    60.013959860,3785304,,dTLB-load-misses,1000459008,100.00
    60.013959860,820769620,,dTLB-loads,1000458900,100.00
    60.013959860,348949,,dTLB-store-misses,1000459120,100.00
    60.013959860,419689103,,dTLB-stores,1000459018,100.00
    61.014168254,4034977,,dTLB-load-misses,1000434370,100.00
    61.014168254,819942369,,dTLB-loads,1000434252,100.00
    61.014168254,412116,,dTLB-store-misses,1000433872,100.00
    61.014168254,419236247,,dTLB-stores,1000433852,100.00
    62.014399462,3951955,,dTLB-load-misses,1000460258,100.00
    62.014399462,820060402,,dTLB-loads,1000460576,100.00
    62.014399462,378718,,dTLB-store-misses,1000460681,100.00
    62.014399462,419266994,,dTLB-stores,1000460653,100.00
    63.014645815,3936193,,dTLB-load-misses,1000482196,100.00
    63.014645815,819987698,,dTLB-loads,1000482176,100.00
    63.014645815,381601,,dTLB-store-misses,1000482173,100.00
    63.014645815,419224179,,dTLB-stores,1000482324,100.00
    64.014880615,3992249,,dTLB-load-misses,1000429470,100.00
    64.014880615,819692282,,dTLB-loads,1000429223,100.00
    64.014880615,397509,,dTLB-store-misses,1000429124,100.00
    64.014880615,419054739,,dTLB-stores,1000429085,100.00
    65.015111861,3954606,,dTLB-load-misses,1000460482,100.00
    65.015111861,819512625,,dTLB-loads,1000460654,100.00
    65.015111861,377902,,dTLB-store-misses,1000460642,100.00
    65.015111861,418950756,,dTLB-stores,1000460547,100.00
    66.015343597,3911658,,dTLB-load-misses,1000462504,100.00
    66.015343597,819946650,,dTLB-loads,1000462881,100.00
    66.015343597,369982,,dTLB-store-misses,1000462847,100.00
    66.015343597,419161105,,dTLB-stores,1000462909,100.00
    67.015586132,3874373,,dTLB-load-misses,1000420299,100.00
    67.015586132,820031788,,dTLB-loads,1000419685,100.00
    67.015586132,377337,,dTLB-store-misses,1000419678,100.00
    67.015586132,419192032,,dTLB-stores,1000419606,100.00
    68.015824781,4039143,,dTLB-load-misses,1000477083,100.00
    68.015824781,819288690,,dTLB-loads,1000477297,100.00
    68.015824781,424455,,dTLB-store-misses,1000477554,100.00
    68.015824781,418836522,,dTLB-stores,1000477432,100.00
    69.016072609,3940306,,dTLB-load-misses,1000493367,100.00
    69.016072609,819236230,,dTLB-loads,1000493212,100.00
    69.016072609,395204,,dTLB-store-misses,1000492971,100.00
    69.016072609,418728911,,dTLB-stores,1000493196,100.00
    70.016319826,3958521,,dTLB-load-misses,1000444596,100.00
    70.016319826,817720467,,dTLB-loads,1000444611,100.00
    70.016319826,405952,,dTLB-store-misses,1000444621,100.00
    70.016319826,418002805,,dTLB-stores,1000444543,100.00
    71.016536351,3940802,,dTLB-load-misses,1000429837,100.00
    71.016536351,818769372,,dTLB-loads,1000430037,100.00
    71.016536351,405361,,dTLB-store-misses,1000429901,100.00
    71.016536351,418531732,,dTLB-stores,1000429698,100.00
    72.016768370,3904892,,dTLB-load-misses,1000463407,100.00
    72.016768370,819655526,,dTLB-loads,1000463569,100.00
    72.016768370,393059,,dTLB-store-misses,1000463715,100.00
    72.016768370,418949325,,dTLB-stores,1000464001,100.00
    73.017011058,3895405,,dTLB-load-misses,1000471291,100.00
    73.017011058,819266690,,dTLB-loads,1000470940,100.00
    73.017011058,395457,,dTLB-store-misses,1000470990,100.00
    73.017011058,418744326,,dTLB-stores,1000470812,100.00
    74.017246641,3879401,,dTLB-load-misses,1000472345,100.00
    74.017246641,819536304,,dTLB-loads,1000472488,100.00
    74.017246641,389687,,dTLB-store-misses,1000472617,100.00
    74.017246641,418885881,,dTLB-stores,1000472759,100.00
    75.017475571,4076459,,dTLB-load-misses,1000465492,100.00
    75.017475571,819066115,,dTLB-loads,1000465615,100.00
    75.017475571,434724,,dTLB-store-misses,1000465403,100.00
    75.017475571,418618172,,dTLB-stores,1000465342,100.00
    76.017665593,3964033,,dTLB-load-misses,1000421789,100.00
    76.017665593,819250325,,dTLB-loads,1000421737,100.00
    76.017665593,400861,,dTLB-store-misses,1000421590,100.00
    76.017665593,418718107,,dTLB-stores,1000421485,100.00
    77.017894792,3920893,,dTLB-load-misses,1000463720,100.00
    77.017894792,818881021,,dTLB-loads,1000463574,100.00
    77.017894792,395170,,dTLB-store-misses,1000463733,100.00
    77.017894792,418488657,,dTLB-stores,1000464012,100.00
    78.018450778,3991767,,dTLB-load-misses,1000783076,100.00
    78.018450778,819024021,,dTLB-loads,1000783026,100.00
    78.018450778,418447,,dTLB-store-misses,1000783156,100.00
    78.018450778,418540421,,dTLB-stores,1000782969,100.00
    79.018654290,3971990,,dTLB-load-misses,1000434496,100.00
    79.018654290,818833161,,dTLB-loads,1000434488,100.00
    79.018654290,415215,,dTLB-store-misses,1000434364,100.00
    79.018654290,418444570,,dTLB-stores,1000434398,100.00
    80.018889888,3936683,,dTLB-load-misses,1000421188,100.00
    80.018889888,818617826,,dTLB-loads,1000421350,100.00
    80.018889888,410280,,dTLB-store-misses,1000421727,100.00
    80.018889888,418315166,,dTLB-stores,1000421976,100.00
    81.019120464,3909676,,dTLB-load-misses,1000465823,100.00
    81.019120464,819198565,,dTLB-loads,1000465770,100.00
    81.019120464,407813,,dTLB-store-misses,1000465449,100.00
    81.019120464,418611544,,dTLB-stores,1000465185,100.00
    82.019348997,3972084,,dTLB-load-misses,1000473367,100.00
    82.019348997,818510694,,dTLB-loads,1000473295,100.00
    82.019348997,422580,,dTLB-store-misses,1000473448,100.00
    82.019348997,418211893,,dTLB-stores,1000473512,100.00
    83.019603579,4085283,,dTLB-load-misses,1000490509,100.00
    83.019603579,818174728,,dTLB-loads,1000490980,100.00
    83.019603579,442054,,dTLB-store-misses,1000490843,100.00
    83.019603579,418045337,,dTLB-stores,1000490933,100.00
    84.019832372,3997421,,dTLB-load-misses,1000463031,100.00
    84.019832372,818272008,,dTLB-loads,1000462622,100.00
    84.019832372,419661,,dTLB-store-misses,1000462739,100.00
    84.019832372,418087658,,dTLB-stores,1000462503,100.00
    85.020064146,4096345,,dTLB-load-misses,1000463800,100.00
    85.020064146,817821938,,dTLB-loads,1000464075,100.00
    85.020064146,458507,,dTLB-store-misses,1000463885,100.00
    85.020064146,417846360,,dTLB-stores,1000464444,100.00
    86.020288549,4025980,,dTLB-load-misses,1000453396,100.00
    86.020288549,817904673,,dTLB-loads,1000453269,100.00
    86.020288549,439178,,dTLB-store-misses,1000453267,100.00
    86.020288549,417866930,,dTLB-stores,1000452981,100.00
    87.020520910,3934746,,dTLB-load-misses,1000441400,100.00
    87.020520910,818236967,,dTLB-loads,1000441243,100.00
    87.020520910,418940,,dTLB-store-misses,1000441591,100.00
    87.020520910,418038757,,dTLB-stores,1000441330,100.00
    88.020771133,3901106,,dTLB-load-misses,1000485535,100.00
    88.020771133,818282234,,dTLB-loads,1000486129,100.00
    88.020771133,416146,,dTLB-store-misses,1000487135,100.00
    88.020771133,418039981,,dTLB-stores,1000487218,100.00
    89.020998942,3886140,,dTLB-load-misses,1000475465,100.00
    89.020998942,818574579,,dTLB-loads,1000474920,100.00
    89.020998942,414479,,dTLB-store-misses,1000473937,100.00
    89.020998942,418185683,,dTLB-stores,1000474009,100.00
    90.021205651,3982596,,dTLB-load-misses,1000427558,100.00
    90.021205651,818194054,,dTLB-loads,1000427886,100.00
    90.021205651,440757,,dTLB-store-misses,1000427450,100.00
    90.021205651,418013470,,dTLB-stores,1000427216,100.00
    91.021426883,4028766,,dTLB-load-misses,1000458342,100.00
    91.021426883,817530620,,dTLB-loads,1000457940,100.00
    91.021426883,447054,,dTLB-store-misses,1000458098,100.00
    91.021426883,417615161,,dTLB-stores,1000458505,100.00
    92.021669733,3944553,,dTLB-load-misses,1000494742,100.00
    92.021669733,818036514,,dTLB-loads,1000494634,100.00
    92.021669733,424590,,dTLB-store-misses,1000494593,100.00
    92.021669733,417868737,,dTLB-stores,1000494507,100.00
    93.021867518,3939326,,dTLB-load-misses,1000436052,100.00
    93.021867518,817721090,,dTLB-loads,1000436507,100.00
    93.021867518,429277,,dTLB-store-misses,1000436512,100.00
    93.021867518,417699024,,dTLB-stores,1000436477,100.00
    94.022100474,3932330,,dTLB-load-misses,1000452286,100.00
    94.022100474,817482652,,dTLB-loads,1000452146,100.00
    94.022100474,433708,,dTLB-store-misses,1000452193,100.00
    94.022100474,417536322,,dTLB-stores,1000452133,100.00
    95.022329484,3890395,,dTLB-load-misses,1000451444,100.00
    95.022329484,817686612,,dTLB-loads,1000451278,100.00
    95.022329484,437665,,dTLB-store-misses,1000451229,100.00
    95.022329484,417645841,,dTLB-stores,1000451069,100.00
    96.022538761,3852733,,dTLB-load-misses,1000455468,100.00
    96.022538761,817901589,,dTLB-loads,1000455549,100.00
    96.022538761,428115,,dTLB-store-misses,1000455431,100.00
    96.022538761,417745389,,dTLB-stores,1000455463,100.00
    97.022776114,3859555,,dTLB-load-misses,1000445164,100.00
    97.022776114,817712721,,dTLB-loads,1000445147,100.00
    97.022776114,429963,,dTLB-store-misses,1000445614,100.00
    97.022776114,417647644,,dTLB-stores,1000445824,100.00
    98.022995410,3906060,,dTLB-load-misses,1000430577,100.00
    98.022995410,817559819,,dTLB-loads,1000430851,100.00
    98.022995410,436495,,dTLB-store-misses,1000430318,100.00
    98.022995410,417538336,,dTLB-stores,1000430110,100.00
    99.023198839,4076480,,dTLB-load-misses,1000430857,100.00
    99.023198839,816417673,,dTLB-loads,1000430378,100.00
    99.023198839,477932,,dTLB-store-misses,1000430349,100.00
    99.023198839,416924292,,dTLB-stores,1000430482,100.00
   100.023430666,4023145,,dTLB-load-misses,1000485643,100.00
   100.023430666,816629025,,dTLB-loads,1000485788,100.00
   100.023430666,461359,,dTLB-store-misses,1000486173,100.00
   100.023430666,417078590,,dTLB-stores,1000486270,100.00
   101.023635899,4017677,,dTLB-load-misses,1000449944,100.00
   101.023635899,816737008,,dTLB-loads,1000449831,100.00
   101.023635899,462940,,dTLB-store-misses,1000449553,100.00
   101.023635899,417086866,,dTLB-stores,1000449283,100.00
   102.023878750,4026365,,dTLB-load-misses,1000468980,100.00
   102.023878750,816744614,,dTLB-loads,1000469049,100.00
   102.023878750,468153,,dTLB-store-misses,1000469088,100.00
   102.023878750,417097749,,dTLB-stores,1000469180,100.00
   103.024136757,3992001,,dTLB-load-misses,1000477745,100.00
   103.024136757,816682238,,dTLB-loads,1000478056,100.00
   103.024136757,468763,,dTLB-store-misses,1000478237,100.00
   103.024136757,417059876,,dTLB-stores,1000478262,100.00
   104.024355053,3972249,,dTLB-load-misses,1000452842,100.00
   104.024355053,816719478,,dTLB-loads,1000452439,100.00
   104.024355053,464606,,dTLB-store-misses,1000452447,100.00
   104.024355053,417080652,,dTLB-stores,1000452303,100.00
   105.024607380,3951630,,dTLB-load-misses,1000471848,100.00
   105.024607380,816782187,,dTLB-loads,1000472161,100.00
   105.024607380,456857,,dTLB-store-misses,1000472099,100.00
   105.024607380,417082346,,dTLB-stores,1000472438,100.00
   106.024837236,3984841,,dTLB-load-misses,1000463398,100.00
   106.024837236,816969848,,dTLB-loads,1000463091,100.00
   106.024837236,468852,,dTLB-store-misses,1000463151,100.00
   106.024837236,417199540,,dTLB-stores,1000462959,100.00
   107.025067850,3921049,,dTLB-load-misses,1000453648,100.00
   107.025067850,816735553,,dTLB-loads,1000453684,100.00
   107.025067850,446464,,dTLB-store-misses,1000453575,100.00
   107.025067850,417025259,,dTLB-stores,1000453545,100.00
   108.025302560,3906059,,dTLB-load-misses,1000446967,100.00
   108.025302560,816878459,,dTLB-loads,1000446881,100.00
   108.025302560,441129,,dTLB-store-misses,1000446958,100.00
   108.025302560,417090924,,dTLB-stores,1000446950,100.00
   109.025550024,<not counted>,,dTLB-load-misses,0,100.00
   109.025550024,816753464,,dTLB-loads,1000488690,100.00
   109.025550024,457009,,dTLB-store-misses,1000488649,100.00
   109.025550024,417025014,,dTLB-stores,1000488750,100.00
   110.025774619,4134293,,dTLB-load-misses,2001030015,100.00
   110.025774619,810015790,,dTLB-loads,1000541472,100.00
   110.025774619,205764,,dTLB-store-misses,1000541455,100.00
   110.025774619,458096230,,dTLB-stores,1000541622,100.00
   111.025994964,4139172,,dTLB-load-misses,1000577819,100.00
   111.025994964,806947871,,dTLB-loads,1000578200,100.00
   111.025994964,47713,,dTLB-store-misses,1000578087,100.00
   111.025994964,476160761,,dTLB-stores,1000577858,100.00
   112.026217522,4074283,,dTLB-load-misses,1000594415,100.00
   112.026217522,807665913,,dTLB-loads,1000593997,100.00
   112.026217522,48013,,dTLB-store-misses,1000594061,100.00
   112.026217522,476583480,,dTLB-stores,1000594039,100.00
   113.026443217,4107168,,dTLB-load-misses,1000168353,100.00
   113.026443217,806918682,,dTLB-loads,1000168193,100.00
   113.026443217,44118,,dTLB-store-misses,1000168094,100.00
   113.026443217,476149342,,dTLB-stores,1000168106,100.00
   114.026664878,4107934,,dTLB-load-misses,1000537254,100.00
   114.026664878,807368117,,dTLB-loads,1000537516,100.00
   114.026664878,47923,,dTLB-store-misses,1000537571,100.00
   114.026664878,476408939,,dTLB-stores,1000537531,100.00
   115.026887807,4130938,,dTLB-load-misses,1000594211,100.00
   115.026887807,807048228,,dTLB-loads,1000593991,100.00
   115.026887807,47422,,dTLB-store-misses,1000594014,100.00
   115.026887807,476229179,,dTLB-stores,1000594164,100.00
   116.027112153,4096397,,dTLB-load-misses,1000618895,100.00
   116.027112153,807505007,,dTLB-loads,1000619296,100.00
   116.027112153,46193,,dTLB-store-misses,1000619175,100.00
   116.027112153,476484043,,dTLB-stores,1000619090,100.00
   117.027338182,4121386,,dTLB-load-misses,1000612254,100.00
   117.027338182,807293923,,dTLB-loads,1000611906,100.00
   117.027338182,48532,,dTLB-store-misses,1000612026,100.00
   117.027338182,476371399,,dTLB-stores,1000611931,100.00
   118.027564123,4107530,,dTLB-load-misses,1000352516,100.00
   118.027564123,807678258,,dTLB-loads,1000352466,100.00
   118.027564123,46385,,dTLB-store-misses,1000352327,100.00
   118.027564123,476597091,,dTLB-stores,1000352378,100.00
   119.027790475,4109283,,dTLB-load-misses,1000543309,100.00
   119.027790475,807666143,,dTLB-loads,1000543228,100.00
   119.027790475,47397,,dTLB-store-misses,1000543556,100.00
   119.027790475,476589315,,dTLB-stores,1000543544,100.00
   120.028010309,4090555,,dTLB-load-misses,1000606007,100.00
   120.028010309,807764508,,dTLB-loads,1000606039,100.00
   120.028010309,46099,,dTLB-store-misses,1000605832,100.00
   120.028010309,476644187,,dTLB-stores,1000605916,100.00
   121.028235139,4041413,,dTLB-load-misses,1000498508,100.00
   121.028235139,799735866,,dTLB-loads,1000498451,100.00
   121.028235139,46171,,dTLB-store-misses,1000498367,100.00
   121.028235139,472036556,,dTLB-stores,1000498364,100.00
   122.028470132,4116253,,dTLB-load-misses,1000621634,100.00
   122.028470132,807550096,,dTLB-loads,1000621724,100.00
   122.028470132,44642,,dTLB-store-misses,1000621724,100.00
   122.028470132,476503913,,dTLB-stores,1000621642,100.00
   123.028702893,4069059,,dTLB-load-misses,1000248436,100.00
   123.028702893,807787514,,dTLB-loads,1000248671,100.00
   123.028702893,47001,,dTLB-store-misses,1000248764,100.00
   123.028702893,476632625,,dTLB-stores,1000248882,100.00
   124.028926543,4118301,,dTLB-load-misses,1000525177,100.00
   124.028926543,807590757,,dTLB-loads,1000524937,100.00
   124.028926543,46438,,dTLB-store-misses,1000524859,100.00
   124.028926543,476520315,,dTLB-stores,1000524743,100.00
   125.029148795,4073060,,dTLB-load-misses,1000605291,100.00
   125.029148795,808021295,,dTLB-loads,1000605612,100.00
   125.029148795,46903,,dTLB-store-misses,1000605607,100.00
   125.029148795,476778080,,dTLB-stores,1000605571,100.00
   126.029370018,4046672,,dTLB-load-misses,1000356157,100.00
   126.029370018,797857017,,dTLB-loads,1000355881,100.00
   126.029370018,45676,,dTLB-store-misses,1000355944,100.00
   126.029370018,470876739,,dTLB-stores,1000356187,100.00
   127.029594181,4003902,,dTLB-load-misses,1000443418,100.00
   127.029594181,794829563,,dTLB-loads,1000443493,100.00
   127.029594181,44599,,dTLB-store-misses,1000443655,100.00
   127.029594181,469170722,,dTLB-stores,1000443563,100.00
   128.029816630,4039482,,dTLB-load-misses,1000452232,100.00
   128.029816630,794457818,,dTLB-loads,1000452411,100.00
   128.029816630,45458,,dTLB-store-misses,1000452246,100.00
   128.029816630,468941194,,dTLB-stores,1000452143,100.00
   133.740723770,23036370,,dTLB-load-misses,5712076835,100.00
   133.740723770,4551150225,,dTLB-loads,5712076565,100.00
   133.740723770,276705,,dTLB-store-misses,5712076520,100.00
   133.740723770,2685650768,,dTLB-stores,5712076580,100.00
   134.740949590,4084849,,dTLB-load-misses,1000607206,100.00
   134.740949590,808275696,,dTLB-loads,1000607303,100.00
   134.740949590,44993,,dTLB-store-misses,1000607284,100.00
   134.740949590,476864912,,dTLB-stores,1000607286,100.00
   135.741180060,4152454,,dTLB-load-misses,1000605396,100.00
   135.741180060,807394380,,dTLB-loads,1000605518,100.00
   135.741180060,44217,,dTLB-store-misses,1000605510,100.00
   135.741180060,476330485,,dTLB-stores,1000605485,100.00
   136.741406806,4153036,,dTLB-load-misses,1000610955,100.00
   136.741406806,808015024,,dTLB-loads,1000610853,100.00
   136.741406806,44152,,dTLB-store-misses,1000610913,100.00
   136.741406806,476692585,,dTLB-stores,1000610960,100.00
   137.741635530,4154580,,dTLB-load-misses,1000611463,100.00
   137.741635530,807806505,,dTLB-loads,1000611333,100.00
   137.741635530,46689,,dTLB-store-misses,1000611622,100.00
   137.741635530,476569249,,dTLB-stores,1000611702,100.00
   138.741863921,4166229,,dTLB-load-misses,1000376394,100.00
   138.741863921,807257497,,dTLB-loads,1000376543,100.00
   138.741863921,45225,,dTLB-store-misses,1000376563,100.00
   138.741863921,476246322,,dTLB-stores,1000376472,100.00
   139.742093207,4124865,,dTLB-load-misses,1000618602,100.00
   139.742093207,808028995,,dTLB-loads,1000618632,100.00
   139.742093207,44654,,dTLB-store-misses,1000618295,100.00
   139.742093207,476699704,,dTLB-stores,1000618284,100.00
   140.742318370,4156788,,dTLB-load-misses,1000610244,100.00
   140.742318370,807623580,,dTLB-loads,1000610259,100.00
   140.742318370,44095,,dTLB-store-misses,1000610362,100.00
   140.742318370,476464156,,dTLB-stores,1000610424,100.00
   141.742550311,4116447,,dTLB-load-misses,1000620585,100.00
   141.742550311,808288680,,dTLB-loads,1000620690,100.00
   141.742550311,44356,,dTLB-store-misses,1000620541,100.00
   141.742550311,476851682,,dTLB-stores,1000620513,100.00
   142.742777849,4162756,,dTLB-load-misses,1000613265,100.00
   142.742777849,807611614,,dTLB-loads,1000613315,100.00
   142.742777849,44123,,dTLB-store-misses,1000613360,100.00
   142.742777849,476448690,,dTLB-stores,1000613383,100.00
   143.743002605,4111992,,dTLB-load-misses,1000296748,100.00
   143.743002605,807925923,,dTLB-loads,1000296494,100.00
   143.743002605,44375,,dTLB-store-misses,1000296652,100.00
   143.743002605,476641889,,dTLB-stores,1000296621,100.00
   144.743237489,4176014,,dTLB-load-misses,1000624618,100.00
   144.743237489,807937337,,dTLB-loads,1000624675,100.00
   144.743237489,45659,,dTLB-store-misses,1000624477,100.00
   144.743237489,476644768,,dTLB-stores,1000624512,100.00
   145.743462609,4113845,,dTLB-load-misses,1000614759,100.00
   145.743462609,807935142,,dTLB-loads,1000614601,100.00
   145.743462609,45380,,dTLB-store-misses,1000614700,100.00
   145.743462609,476641701,,dTLB-stores,1000614609,100.00
   146.743689348,4154315,,dTLB-load-misses,1000606917,100.00
   146.743689348,807339980,,dTLB-loads,1000606958,100.00
   146.743689348,48748,,dTLB-store-misses,1000606882,100.00
   146.743689348,476293568,,dTLB-stores,1000607017,100.00
   147.743917654,4110695,,dTLB-load-misses,1000611535,100.00
   147.743917654,807830838,,dTLB-loads,1000611557,100.00
   147.743917654,44539,,dTLB-store-misses,1000611519,100.00
   147.743917654,476582537,,dTLB-stores,1000611376,100.00
   148.744142367,4130051,,dTLB-load-misses,1000543045,100.00
   148.744142367,807451383,,dTLB-loads,1000543093,100.00
   148.744142367,43990,,dTLB-store-misses,1000543240,100.00
   148.744142367,476357549,,dTLB-stores,1000543250,100.00
   149.744366446,4135238,,dTLB-load-misses,1000606619,100.00
   149.744366446,807798536,,dTLB-loads,1000606926,100.00
   149.744366446,45343,,dTLB-store-misses,1000606783,100.00
   149.744366446,476560486,,dTLB-stores,1000606914,100.00
   150.744590901,4121248,,dTLB-load-misses,1000606978,100.00
   150.744590901,808099059,,dTLB-loads,1000606518,100.00
   150.744590901,46208,,dTLB-store-misses,1000606583,100.00
   150.744590901,476740815,,dTLB-stores,1000606444,100.00
   151.744821032,4130343,,dTLB-load-misses,1000619145,100.00
   151.744821032,807624897,,dTLB-loads,1000619239,100.00
   151.744821032,43679,,dTLB-store-misses,1000619290,100.00
   151.744821032,476460464,,dTLB-stores,1000619315,100.00
   152.745046036,4106036,,dTLB-load-misses,1000603258,100.00
   152.745046036,808143002,,dTLB-loads,1000603311,100.00
   152.745046036,43649,,dTLB-store-misses,1000603176,100.00
   152.745046036,476764419,,dTLB-stores,1000603184,100.00
   153.745270229,4141792,,dTLB-load-misses,1000285873,100.00
   153.745270229,807044866,,dTLB-loads,1000285745,100.00
   153.745270229,46885,,dTLB-store-misses,1000285766,100.00
   153.745270229,476114881,,dTLB-stores,1000285876,100.00
   154.745499225,4112923,,dTLB-load-misses,1000596241,100.00
   154.745499225,807936591,,dTLB-loads,1000596414,100.00
   154.745499225,43372,,dTLB-store-misses,1000596447,100.00
   154.745499225,476643810,,dTLB-stores,1000596387,100.00
   155.745790839,3452870,,dTLB-load-misses,832036281,100.00
   155.745790839,670868697,,dTLB-loads,832030738,100.00
   155.745790839,36722,,dTLB-store-misses,832027192,100.00
   155.745790839,395768158,,dTLB-stores,832023914,100.00
   156.746073131,55793,,dTLB-load-misses,13893758,100.00
   156.746073131,10839077,,dTLB-loads,13893758,100.00
   156.746073131,716,,dTLB-store-misses,13893758,100.00
   156.746073131,6392934,,dTLB-stores,13893758,100.00
   157.746307931,<not counted>,,dTLB-load-misses,0,100.00
   157.746307931,<not counted>,,dTLB-loads,0,100.00
   157.746307931,<not counted>,,dTLB-store-misses,0,100.00
   157.746307931,<not counted>,,dTLB-stores,0,100.00
   158.746551557,<not counted>,,dTLB-load-misses,0,100.00
   158.746551557,<not counted>,,dTLB-loads,0,100.00
   158.746551557,<not counted>,,dTLB-store-misses,0,100.00
   158.746551557,<not counted>,,dTLB-stores,0,100.00
   161.710520677,68743,,dTLB-load-misses,17170751,100.00
   161.710520677,13409759,,dTLB-loads,17170751,100.00
   161.710520677,894,,dTLB-store-misses,17170751,100.00
   161.710520677,7908736,,dTLB-stores,17170751,100.00
   162.710795925,61194,,dTLB-load-misses,15106094,100.00
   162.710795925,11922706,,dTLB-loads,15106094,100.00
   162.710795925,912,,dTLB-store-misses,15106094,100.00
   162.710795925,7031356,,dTLB-stores,15106094,100.00
   163.711054928,61480,,dTLB-load-misses,15222717,100.00
   163.711054928,12007619,,dTLB-loads,15222717,100.00
   163.711054928,827,,dTLB-store-misses,15222717,100.00
   163.711054928,7081264,,dTLB-stores,15222717,100.00
   164.711330126,<not counted>,,dTLB-load-misses,0,100.00
   164.711330126,<not counted>,,dTLB-loads,0,100.00
   164.711330126,<not counted>,,dTLB-store-misses,0,100.00
   164.711330126,<not counted>,,dTLB-stores,0,100.00
   166.791473134,117728,,dTLB-load-misses,29295259,100.00
   166.791473134,23002387,,dTLB-loads,29295259,100.00
   166.791473134,1553,,dTLB-store-misses,29295259,100.00
   166.791473134,13565713,,dTLB-stores,29295259,100.00
   167.791734263,61421,,dTLB-load-misses,15222966,100.00
   167.791734263,12007119,,dTLB-loads,15222966,100.00
   167.791734263,752,,dTLB-store-misses,15222966,100.00
   167.791734263,7080738,,dTLB-stores,15222966,100.00
   168.791979803,2361753,,dTLB-load-misses,574948932,100.00
   168.791979803,462518113,,dTLB-loads,574954380,100.00
   168.791979803,30203,,dTLB-store-misses,574958101,100.00
   168.791979803,272837515,,dTLB-stores,574961188,100.00
   169.792196176,4116340,,dTLB-load-misses,993939965,100.00
   169.792196176,799641028,,dTLB-loads,993934517,100.00
   169.792196176,46265,,dTLB-store-misses,993930796,100.00
   169.792196176,471698856,,dTLB-stores,993927709,100.00
   171.640129332,4147819,,dTLB-load-misses,1000594174,100.00
   171.640129332,806942335,,dTLB-loads,1000599733,100.00
   171.640129332,51333,,dTLB-store-misses,1000603261,100.00
   171.640129332,476009870,,dTLB-stores,1000606412,100.00
   172.640352476,4183199,,dTLB-load-misses,1000588045,100.00
   172.640352476,807010568,,dTLB-loads,1000588131,100.00
   172.640352476,45976,,dTLB-store-misses,1000588184,100.00
   172.640352476,476049069,,dTLB-stores,1000588230,100.00
   173.640576689,4126994,,dTLB-load-misses,1000608986,100.00
   173.640576689,807783817,,dTLB-loads,1000608814,100.00
   173.640576689,44597,,dTLB-store-misses,1000608791,100.00
   173.640576689,476507929,,dTLB-stores,1000608828,100.00
   174.640803358,4168715,,dTLB-load-misses,1000615006,100.00
   174.640803358,807192380,,dTLB-loads,1000615069,100.00
   174.640803358,47548,,dTLB-store-misses,1000615050,100.00
   174.640803358,476150024,,dTLB-stores,1000615127,100.00
   175.641031038,4127829,,dTLB-load-misses,1000244012,100.00
   175.641031038,807466469,,dTLB-loads,1000243968,100.00
   175.641031038,45663,,dTLB-store-misses,1000243992,100.00
   175.641031038,476313001,,dTLB-stores,1000243852,100.00
   176.641254315,4175167,,dTLB-load-misses,1000614172,100.00
   176.641254315,807648671,,dTLB-loads,1000614241,100.00
   176.641254315,43463,,dTLB-store-misses,1000614335,100.00
   176.641254315,476424279,,dTLB-stores,1000614452,100.00
   177.641479085,4126895,,dTLB-load-misses,1000616670,100.00
   177.641479085,808189187,,dTLB-loads,1000616513,100.00
   177.641479085,43339,,dTLB-store-misses,1000616359,100.00
   177.641479085,476736310,,dTLB-stores,1000616298,100.00
   178.641708738,4155036,,dTLB-load-misses,1000606521,100.00
   178.641708738,807165611,,dTLB-loads,1000606646,100.00
   178.641708738,47071,,dTLB-store-misses,1000606724,100.00
   178.641708738,476137080,,dTLB-stores,1000606743,100.00
   179.641933917,4139440,,dTLB-load-misses,1000608914,100.00
   179.641933917,807798710,,dTLB-loads,1000608936,100.00
   179.641933917,48214,,dTLB-store-misses,1000608900,100.00
   179.641933917,476508613,,dTLB-stores,1000608743,100.00
   180.642159114,4135058,,dTLB-load-misses,1000214368,100.00
   180.642159114,807046347,,dTLB-loads,1000214435,100.00
   180.642159114,43670,,dTLB-store-misses,1000214487,100.00
   180.642159114,476062793,,dTLB-stores,1000214566,100.00
   181.642386675,4164309,,dTLB-load-misses,1000622075,100.00
   181.642386675,807302643,,dTLB-loads,1000621944,100.00
   181.642386675,53011,,dTLB-store-misses,1000621943,100.00
   181.642386675,476217478,,dTLB-stores,1000622110,100.00
   182.642624803,835190,,dTLB-load-misses,215595619,100.00
   182.642624803,176285236,,dTLB-loads,215590132,100.00
   182.642624803,8871,,dTLB-store-misses,215586536,100.00
   182.642624803,102505043,,dTLB-stores,215583201,100.00
   183.642918278,15095,,dTLB-load-misses,14665424,100.00
   183.642918278,14905932,,dTLB-loads,14665424,100.00
   183.642918278,187,,dTLB-store-misses,14665424,100.00
   183.642918278,7441510,,dTLB-stores,14665424,100.00
   184.643178194,5423,,dTLB-load-misses,14682098,100.00
   184.643178194,14908936,,dTLB-loads,14682098,100.00
   184.643178194,84,,dTLB-store-misses,14682098,100.00
   184.643178194,7443329,,dTLB-stores,14682098,100.00
   185.643440519,3731,,dTLB-load-misses,1947843,100.00
   185.643440519,1867161,,dTLB-loads,1947843,100.00
   185.643440519,15,,dTLB-store-misses,1947843,100.00
   185.643440519,932356,,dTLB-stores,1947843,100.00
   187.625753875,4353,,dTLB-load-misses,16336089,100.00
   187.625753875,14974634,,dTLB-loads,16336089,100.00
   187.625753875,103,,dTLB-store-misses,16336089,100.00
   187.625753875,7506178,,dTLB-stores,16336089,100.00
   188.625994914,428666,,dTLB-load-misses,272727249,100.00
   188.625994914,237251006,,dTLB-loads,272733093,100.00
   188.625994914,45009,,dTLB-store-misses,272736788,100.00
   188.625994914,147642202,,dTLB-stores,272740192,100.00
   189.626226527,7419856,,dTLB-load-misses,1000472387,100.00
   189.626226527,808733101,,dTLB-loads,1000471997,100.00
   189.626226527,1258778,,dTLB-store-misses,1000472147,100.00
   189.626226527,414021648,,dTLB-stores,1000471915,100.00
   190.626464108,7388185,,dTLB-load-misses,1000456817,100.00
   190.626464108,808588217,,dTLB-loads,1000456839,100.00
   190.626464108,1327895,,dTLB-store-misses,1000456595,100.00
   190.626464108,413928057,,dTLB-stores,1000456589,100.00
   191.626705395,7337761,,dTLB-load-misses,1000486009,100.00
   191.626705395,809135880,,dTLB-loads,1000486109,100.00
   191.626705395,1358186,,dTLB-store-misses,1000486412,100.00
   191.626705395,414209994,,dTLB-stores,1000486517,100.00
   192.626920583,7332175,,dTLB-load-misses,1000450668,100.00
   192.626920583,808753734,,dTLB-loads,1000450768,100.00
   192.626920583,1341463,,dTLB-store-misses,1000450273,100.00
   192.626920583,413982852,,dTLB-stores,1000449929,100.00
   193.627166088,7334421,,dTLB-load-misses,1000473155,100.00
   193.627166088,807931263,,dTLB-loads,1000472917,100.00
   193.627166088,1340945,,dTLB-store-misses,1000473107,100.00
   193.627166088,413567390,,dTLB-stores,1000473346,100.00
   194.627427394,7349757,,dTLB-load-misses,1000430269,100.00
   194.627427394,808343046,,dTLB-loads,1000430410,100.00
   194.627427394,1348407,,dTLB-store-misses,1000430402,100.00
   194.627427394,413764622,,dTLB-stores,1000430731,100.00
   195.627694917,7326682,,dTLB-load-misses,1000510064,100.00
   195.627694917,808568321,,dTLB-loads,1000510026,100.00
   195.627694917,1323961,,dTLB-store-misses,1000510187,100.00
   195.627694917,413891366,,dTLB-stores,1000509946,100.00
   196.627910792,7301817,,dTLB-load-misses,1000473074,100.00
   196.627910792,808606135,,dTLB-loads,1000473202,100.00
   196.627910792,1310397,,dTLB-store-misses,1000472961,100.00
   196.627910792,413847817,,dTLB-stores,1000472920,100.00
   197.628179809,7465694,,dTLB-load-misses,1000518869,100.00
   197.628179809,808011556,,dTLB-loads,1000518864,100.00
   197.628179809,1388572,,dTLB-store-misses,1000519149,100.00
   197.628179809,413550930,,dTLB-stores,1000519159,100.00
   198.628421521,7978721,,dTLB-load-misses,1000475562,100.00
   198.628421521,805758451,,dTLB-loads,1000475818,100.00
   198.628421521,1592325,,dTLB-store-misses,1000475640,100.00
   198.628421521,412405546,,dTLB-stores,1000475613,100.00
   199.628674282,7538583,,dTLB-load-misses,1000419968,100.00
   199.628674282,807058729,,dTLB-loads,1000419520,100.00
   199.628674282,1421643,,dTLB-store-misses,1000419620,100.00
   199.628674282,413042303,,dTLB-stores,1000419503,100.00
   200.628920966,7473197,,dTLB-load-misses,1000487742,100.00
   200.628920966,807578077,,dTLB-loads,1000487998,100.00
   200.628920966,1403114,,dTLB-store-misses,1000487870,100.00
   200.628920966,413295364,,dTLB-stores,1000488048,100.00
   201.629137243,7396377,,dTLB-load-misses,1000440153,100.00
   201.629137243,807813340,,dTLB-loads,1000440100,100.00
   201.629137243,1381350,,dTLB-store-misses,1000440361,100.00
   201.629137243,413454728,,dTLB-stores,1000440275,100.00
   202.629381880,7269566,,dTLB-load-misses,1000486550,100.00
   202.629381880,808268946,,dTLB-loads,1000486490,100.00
   202.629381880,1316977,,dTLB-store-misses,1000486340,100.00
   202.629381880,413616280,,dTLB-stores,1000486382,100.00
   203.629617984,7201583,,dTLB-load-misses,1000507081,100.00
   203.629617984,809061668,,dTLB-loads,1000506932,100.00
   203.629617984,1278539,,dTLB-store-misses,1000507094,100.00
   203.629617984,414050387,,dTLB-stores,1000507070,100.00
   204.629846709,7216548,,dTLB-load-misses,1000362249,100.00
   204.629846709,808367528,,dTLB-loads,1000362215,100.00
   204.629846709,1271445,,dTLB-store-misses,1000362292,100.00
   204.629846709,413653238,,dTLB-stores,1000362184,100.00
   205.630039015,7178148,,dTLB-load-misses,1000421128,100.00
   205.630039015,808886039,,dTLB-loads,1000421398,100.00
   205.630039015,1269167,,dTLB-store-misses,1000421225,100.00
   205.630039015,413920052,,dTLB-stores,1000421317,100.00
   206.630270312,7192481,,dTLB-load-misses,1000485269,100.00
   206.630270312,808706195,,dTLB-loads,1000485225,100.00
   206.630270312,1268310,,dTLB-store-misses,1000485331,100.00
   206.630270312,413805308,,dTLB-stores,1000485340,100.00
   207.630475073,7412608,,dTLB-load-misses,1000453196,100.00
   207.630475073,807818108,,dTLB-loads,1000453049,100.00
   207.630475073,1363143,,dTLB-store-misses,1000453146,100.00
   207.630475073,413347039,,dTLB-stores,1000453264,100.00
   208.630706971,7875613,,dTLB-load-misses,1000444823,100.00
   208.630706971,805766446,,dTLB-loads,1000444890,100.00
   208.630706971,1560687,,dTLB-store-misses,1000444479,100.00
   208.630706971,412305682,,dTLB-stores,1000444503,100.00
   209.630917720,7454946,,dTLB-load-misses,1000468707,100.00
   209.630917720,807211791,,dTLB-loads,1000469055,100.00
   209.630917720,1381165,,dTLB-store-misses,1000469214,100.00
   209.630917720,413026700,,dTLB-stores,1000469029,100.00
   210.631153451,7321613,,dTLB-load-misses,1000406376,100.00
   210.631153451,807760712,,dTLB-loads,1000406006,100.00
   210.631153451,1335796,,dTLB-store-misses,1000405881,100.00
   210.631153451,413310708,,dTLB-stores,1000405966,100.00
   211.631386707,7315068,,dTLB-load-misses,1000481067,100.00
   211.631386707,807820319,,dTLB-loads,1000481034,100.00
   211.631386707,1330511,,dTLB-store-misses,1000481097,100.00
   211.631386707,413326482,,dTLB-stores,1000480905,100.00
   212.631624915,7307680,,dTLB-load-misses,1000467200,100.00
   212.631624915,808160010,,dTLB-loads,1000467638,100.00
   212.631624915,1340497,,dTLB-store-misses,1000467601,100.00
   212.631624915,413512749,,dTLB-stores,1000467899,100.00
   213.631857965,7270888,,dTLB-load-misses,1000475006,100.00
   213.631857965,807957719,,dTLB-loads,1000474525,100.00
   213.631857965,1338188,,dTLB-store-misses,1000474592,100.00
   213.631857965,413391752,,dTLB-stores,1000474443,100.00
   214.632089941,7257712,,dTLB-load-misses,1000464287,100.00
   214.632089941,808155995,,dTLB-loads,1000464204,100.00
   214.632089941,1316233,,dTLB-store-misses,1000464343,100.00
   214.632089941,413467821,,dTLB-stores,1000464394,100.00
   215.632311433,7215125,,dTLB-load-misses,1000400204,100.00
   215.632311433,807765365,,dTLB-loads,1000400430,100.00
   215.632311433,1288343,,dTLB-store-misses,1000400074,100.00
   215.632311433,413230310,,dTLB-stores,1000399889,100.00
   216.632541546,7210374,,dTLB-load-misses,1000462663,100.00
   216.632541546,808223899,,dTLB-loads,1000462652,100.00
   216.632541546,1293393,,dTLB-store-misses,1000462769,100.00
   216.632541546,413492940,,dTLB-stores,1000462957,100.00
   217.632743135,7261912,,dTLB-load-misses,1000431456,100.00
   217.632743135,807848575,,dTLB-loads,1000431596,100.00
   217.632743135,1307286,,dTLB-store-misses,1000431631,100.00
   217.632743135,413284525,,dTLB-stores,1000431350,100.00
   218.632970778,7697784,,dTLB-load-misses,1000466800,100.00
   218.632970778,806395804,,dTLB-loads,1000466993,100.00
   218.632970778,1499991,,dTLB-store-misses,1000467128,100.00
   218.632970778,412542695,,dTLB-stores,1000467545,100.00
   219.633220876,7679859,,dTLB-load-misses,1000471627,100.00
   219.633220876,805985963,,dTLB-loads,1000471415,100.00
   219.633220876,1461236,,dTLB-store-misses,1000471325,100.00
   219.633220876,412292679,,dTLB-stores,1000471482,100.00
   220.633466990,7428247,,dTLB-load-misses,1000399323,100.00
   220.633466990,806841463,,dTLB-loads,1000399171,100.00
   220.633466990,1380281,,dTLB-store-misses,1000399308,100.00
   220.633466990,412749653,,dTLB-stores,1000399004,100.00
   221.633735078,7276490,,dTLB-load-misses,1000504573,100.00
   221.633735078,807768450,,dTLB-loads,1000504303,100.00
   221.633735078,1331932,,dTLB-store-misses,1000504568,100.00
   221.633735078,413206271,,dTLB-stores,1000504615,100.00
   222.633969272,7261979,,dTLB-load-misses,1000474611,100.00
   222.633969272,807243530,,dTLB-loads,1000474926,100.00
   222.633969272,1317586,,dTLB-store-misses,1000474648,100.00
   222.633969272,412921177,,dTLB-stores,1000474600,100.00
   223.634206469,7265953,,dTLB-load-misses,1000489374,100.00
   223.634206469,807435596,,dTLB-loads,1000489256,100.00
   223.634206469,1325011,,dTLB-store-misses,1000489264,100.00
   223.634206469,413033522,,dTLB-stores,1000489380,100.00
   224.634449720,7215826,,dTLB-load-misses,1000483771,100.00
   224.634449720,807539057,,dTLB-loads,1000483831,100.00
   224.634449720,1309487,,dTLB-store-misses,1000483632,100.00
   224.634449720,413095844,,dTLB-stores,1000483416,100.00
   225.634700779,7206325,,dTLB-load-misses,1000432346,100.00
   225.634700779,807578457,,dTLB-loads,1000432577,100.00
   225.634700779,1303049,,dTLB-store-misses,1000432639,100.00
   225.634700779,413095178,,dTLB-stores,1000432736,100.00
   226.634921816,7174963,,dTLB-load-misses,1000450336,100.00
   226.634921816,807426659,,dTLB-loads,1000450396,100.00
   226.634921816,1282333,,dTLB-store-misses,1000450663,100.00
   226.634921816,412993602,,dTLB-stores,1000450746,100.00
   227.635167703,7162745,,dTLB-load-misses,1000502106,100.00
   227.635167703,807855805,,dTLB-loads,1000501898,100.00
   227.635167703,1282310,,dTLB-store-misses,1000501533,100.00
   227.635167703,413198585,,dTLB-stores,1000501559,100.00
   228.635417488,7164872,,dTLB-load-misses,1000491654,100.00
   228.635417488,806976229,,dTLB-loads,1000491803,100.00
   228.635417488,1282417,,dTLB-store-misses,1000491936,100.00
   228.635417488,412783350,,dTLB-stores,1000491761,100.00
   229.635662043,7480650,,dTLB-load-misses,1000474488,100.00
   229.635662043,806053804,,dTLB-loads,1000474473,100.00
   229.635662043,1441378,,dTLB-store-misses,1000474391,100.00
   229.635662043,412263733,,dTLB-stores,1000474573,100.00
   230.635922440,7913443,,dTLB-load-misses,1000420465,100.00
   230.635922440,804021989,,dTLB-loads,1000420015,100.00
   230.635922440,1589401,,dTLB-store-misses,1000420209,100.00
   230.635922440,411208751,,dTLB-stores,1000420018,100.00
   231.636162665,7675366,,dTLB-load-misses,1000491369,100.00
   231.636162665,805142510,,dTLB-loads,1000491682,100.00
   231.636162665,1495137,,dTLB-store-misses,1000491461,100.00
   231.636162665,411783708,,dTLB-stores,1000491642,100.00
   232.636407164,7574766,,dTLB-load-misses,1000479362,100.00
   232.636407164,805412291,,dTLB-loads,1000479362,100.00
   232.636407164,1436229,,dTLB-store-misses,1000479514,100.00
   232.636407164,411918024,,dTLB-stores,1000479399,100.00
   233.636645118,7492721,,dTLB-load-misses,1000487150,100.00
   233.636645118,805877564,,dTLB-loads,1000487203,100.00
   233.636645118,1400663,,dTLB-store-misses,1000487069,100.00
   233.636645118,412134699,,dTLB-stores,1000486952,100.00
   234.636887239,7493687,,dTLB-load-misses,1000481925,100.00
   234.636887239,805814325,,dTLB-loads,1000481725,100.00
   234.636887239,1405904,,dTLB-store-misses,1000482130,100.00
   234.636887239,412116222,,dTLB-stores,1000482457,100.00
   235.637132015,7475523,,dTLB-load-misses,1000421681,100.00
   235.637132015,805195646,,dTLB-loads,1000421804,100.00
   235.637132015,1392473,,dTLB-store-misses,1000421547,100.00
   235.637132015,411738772,,dTLB-stores,1000421604,100.00
   236.637386734,7446750,,dTLB-load-misses,1000492490,100.00
   236.637386734,805931543,,dTLB-loads,1000492512,100.00
   236.637386734,1378014,,dTLB-store-misses,1000492522,100.00
   236.637386734,412125107,,dTLB-stores,1000492332,100.00
   237.637594475,7446528,,dTLB-load-misses,1000452313,100.00
   237.637594475,805997731,,dTLB-loads,1000452295,100.00
   237.637594475,1386477,,dTLB-store-misses,1000452168,100.00
   237.637594475,412182795,,dTLB-stores,1000452031,100.00
   238.637800672,7430750,,dTLB-load-misses,1000438619,100.00
   238.637800672,805578873,,dTLB-loads,1000438562,100.00
   238.637800672,1381240,,dTLB-store-misses,1000438542,100.00
   238.637800672,411976974,,dTLB-stores,1000438241,100.00
   239.638032802,7438192,,dTLB-load-misses,1000450333,100.00
   239.638032802,805843396,,dTLB-loads,1000450444,100.00
   239.638032802,1374616,,dTLB-store-misses,1000450521,100.00
   239.638032802,412085938,,dTLB-stores,1000450989,100.00
   240.638251126,7434763,,dTLB-load-misses,1000393465,100.00
   240.638251126,805759814,,dTLB-loads,1000394440,100.00
   240.638251126,1367078,,dTLB-store-misses,1000394618,100.00
   240.638251126,412010451,,dTLB-stores,1000394739,100.00
   241.638457866,7588135,,dTLB-load-misses,1000461335,100.00
   241.638457866,805080517,,dTLB-loads,1000461200,100.00
   241.638457866,1446334,,dTLB-store-misses,1000461024,100.00
   241.638457866,411654930,,dTLB-stores,1000460747,100.00
   242.638736820,8053653,,dTLB-load-misses,1000529704,100.00
   242.638736820,803480377,,dTLB-loads,1000530044,100.00
   242.638736820,1628073,,dTLB-store-misses,1000530137,100.00
   242.638736820,410877688,,dTLB-stores,1000530121,100.00
   243.638952271,7935242,,dTLB-load-misses,1000465146,100.00
   243.638952271,803547320,,dTLB-loads,1000464552,100.00
   243.638952271,1574931,,dTLB-store-misses,1000464552,100.00
   243.638952271,410870151,,dTLB-stores,1000464431,100.00
   244.639160088,7798342,,dTLB-load-misses,1000461360,100.00
   244.639160088,803974700,,dTLB-loads,1000461615,100.00
   244.639160088,1518631,,dTLB-store-misses,1000461388,100.00
   244.639160088,411075886,,dTLB-stores,1000461723,100.00
   245.639386976,7698452,,dTLB-load-misses,1000410935,100.00
   245.639386976,804528225,,dTLB-loads,1000410106,100.00
   245.639386976,1469467,,dTLB-store-misses,1000410040,100.00
   245.639386976,411395023,,dTLB-stores,1000409699,100.00
   246.639621956,7672405,,dTLB-load-misses,1000470983,100.00
   246.639621956,804564264,,dTLB-loads,1000471269,100.00
   246.639621956,1455574,,dTLB-store-misses,1000471332,100.00
   246.639621956,411395204,,dTLB-stores,1000471614,100.00
   247.639877418,7589501,,dTLB-load-misses,1000508181,100.00
   247.639877418,805176618,,dTLB-loads,1000507599,100.00
   247.639877418,1426450,,dTLB-store-misses,1000507709,100.00
   247.639877418,411681245,,dTLB-stores,1000507587,100.00
   248.640120028,7571285,,dTLB-load-misses,1000480741,100.00
   248.640120028,805139492,,dTLB-loads,1000480874,100.00
   248.640120028,1438113,,dTLB-store-misses,1000480834,100.00
   248.640120028,411641034,,dTLB-stores,1000480768,100.00
   249.640352978,7551350,,dTLB-load-misses,1000484276,100.00
   249.640352978,805183415,,dTLB-loads,1000484079,100.00
   249.640352978,1445080,,dTLB-store-misses,1000484232,100.00
   249.640352978,411689091,,dTLB-stores,1000484235,100.00
   250.640591422,7530590,,dTLB-load-misses,1000402217,100.00
   250.640591422,804633902,,dTLB-loads,1000402503,100.00
   250.640591422,1447570,,dTLB-store-misses,1000402286,100.00
   250.640591422,411387974,,dTLB-stores,1000402204,100.00
   251.640797496,7534410,,dTLB-load-misses,1000455298,100.00
   251.640797496,804777558,,dTLB-loads,1000455484,100.00
   251.640797496,1429896,,dTLB-store-misses,1000455453,100.00
   251.640797496,411466882,,dTLB-stores,1000455560,100.00
   252.641028141,7532807,,dTLB-load-misses,1000467413,100.00
   252.641028141,801965769,,dTLB-loads,1000467044,100.00
   252.641028141,1424403,,dTLB-store-misses,1000467197,100.00
   252.641028141,410022597,,dTLB-stores,1000467256,100.00
   253.641234126,7556268,,dTLB-load-misses,1000453984,100.00
   253.641234126,802230429,,dTLB-loads,1000454257,100.00
   253.641234126,1435342,,dTLB-store-misses,1000454117,100.00
   253.641234126,410166540,,dTLB-stores,1000453878,100.00
   254.641476507,7775512,,dTLB-load-misses,1000464944,100.00
   254.641476507,801239453,,dTLB-loads,1000464900,100.00
   254.641476507,1516682,,dTLB-store-misses,1000464992,100.00
   254.641476507,409607184,,dTLB-stores,1000465274,100.00
   255.641673604,8132783,,dTLB-load-misses,1000377719,100.00
   255.641673604,801506637,,dTLB-loads,1000377392,100.00
   255.641673604,1682155,,dTLB-store-misses,1000377394,100.00
   255.641673604,409736501,,dTLB-stores,1000377207,100.00
   256.641877914,7933741,,dTLB-load-misses,1000435826,100.00
   256.641877914,802609295,,dTLB-loads,1000435942,100.00
   256.641877914,1560649,,dTLB-store-misses,1000436211,100.00
   256.641877914,410301709,,dTLB-stores,1000436358,100.00
   257.642047133,7736465,,dTLB-load-misses,1000419611,100.00
   257.642047133,803235319,,dTLB-loads,1000419898,100.00
   257.642047133,1500939,,dTLB-store-misses,1000419509,100.00
   257.642047133,410592388,,dTLB-stores,1000419260,100.00
   258.642247523,7665087,,dTLB-load-misses,1000437653,100.00
   258.642247523,803406514,,dTLB-loads,1000437510,100.00
   258.642247523,1491848,,dTLB-store-misses,1000437625,100.00
   258.642247523,410696341,,dTLB-stores,1000437730,100.00
   259.642464899,7673889,,dTLB-load-misses,1000467446,100.00
   259.642464899,803128320,,dTLB-loads,1000467483,100.00
   259.642464899,1488336,,dTLB-store-misses,1000467698,100.00
   259.642464899,410508728,,dTLB-stores,1000467618,100.00
   260.642691079,7675449,,dTLB-load-misses,1000395808,100.00
   260.642691079,803483321,,dTLB-loads,1000396040,100.00
   260.642691079,1498563,,dTLB-store-misses,1000395836,100.00
   260.642691079,410751287,,dTLB-stores,1000396027,100.00
   261.642936590,7573364,,dTLB-load-misses,1000484095,100.00
   261.642936590,803607989,,dTLB-loads,1000483621,100.00
   261.642936590,1428704,,dTLB-store-misses,1000483653,100.00
   261.642936590,410770914,,dTLB-stores,1000483544,100.00
   262.643176478,7596597,,dTLB-load-misses,1000493688,100.00
   262.643176478,803860510,,dTLB-loads,1000493816,100.00
   262.643176478,1450445,,dTLB-store-misses,1000493798,100.00
   262.643176478,410910299,,dTLB-stores,1000493898,100.00
   263.643437878,7622622,,dTLB-load-misses,1000500260,100.00
   263.643437878,803678816,,dTLB-loads,1000500278,100.00
   263.643437878,1445183,,dTLB-store-misses,1000500239,100.00
   263.643437878,410792656,,dTLB-stores,1000500339,100.00
   264.643683676,7546424,,dTLB-load-misses,1000492155,100.00
   264.643683676,804023112,,dTLB-loads,1000491990,100.00
   264.643683676,1425819,,dTLB-store-misses,1000491890,100.00
   264.643683676,410984910,,dTLB-stores,1000491728,100.00
   265.643924746,7502799,,dTLB-load-misses,1000428864,100.00
   265.643924746,804057586,,dTLB-loads,1000429235,100.00
   265.643924746,1406634,,dTLB-store-misses,1000429287,100.00
   265.643924746,410990518,,dTLB-stores,1000429380,100.00
   266.644169956,7455667,,dTLB-load-misses,1000475730,100.00
   266.644169956,804018677,,dTLB-loads,1000475559,100.00
   266.644169956,1392117,,dTLB-store-misses,1000475682,100.00
   266.644169956,410950414,,dTLB-stores,1000475652,100.00
   267.644351364,7457439,,dTLB-load-misses,1000416916,100.00
   267.644351364,804075139,,dTLB-loads,1000416827,100.00
   267.644351364,1399134,,dTLB-store-misses,1000416829,100.00
   267.644351364,410943322,,dTLB-stores,1000416457,100.00
   268.644592253,7632443,,dTLB-load-misses,1000486468,100.00
   268.644592253,803204853,,dTLB-loads,1000486811,100.00
   268.644592253,1466286,,dTLB-store-misses,1000486859,100.00
   268.644592253,410488136,,dTLB-stores,1000487245,100.00
   269.644809135,8196903,,dTLB-load-misses,1000467543,100.00
   269.644809135,801264235,,dTLB-loads,1000467191,100.00
   269.644809135,1686840,,dTLB-store-misses,1000467007,100.00
   269.644809135,409540944,,dTLB-stores,1000466740,100.00
   270.645060632,8110876,,dTLB-load-misses,1000407474,100.00
   270.645060632,801036133,,dTLB-loads,1000407298,100.00
   270.645060632,1607299,,dTLB-store-misses,1000407352,100.00
   270.645060632,409398220,,dTLB-stores,1000407766,100.00
   271.645282419,7834479,,dTLB-load-misses,1000465970,100.00
   271.645282419,802192632,,dTLB-loads,1000466072,100.00
   271.645282419,1521140,,dTLB-store-misses,1000466092,100.00
   271.645282419,409997079,,dTLB-stores,1000465813,100.00
   272.645452546,7634369,,dTLB-load-misses,1000413335,100.00
   272.645452546,803064165,,dTLB-loads,1000413394,100.00
   272.645452546,1442856,,dTLB-store-misses,1000413386,100.00
   272.645452546,410405942,,dTLB-stores,1000413356,100.00
   273.645771585,7625162,,dTLB-load-misses,1000551049,100.00
   273.645771585,802912102,,dTLB-loads,1000551516,100.00
   273.645771585,1450161,,dTLB-store-misses,1000551758,100.00
   273.645771585,410309095,,dTLB-stores,1000552135,100.00
   274.645976607,7593345,,dTLB-load-misses,1000421098,100.00
   274.645976607,803167538,,dTLB-loads,1000420816,100.00
   274.645976607,1420698,,dTLB-store-misses,1000420614,100.00
   274.645976607,410474452,,dTLB-stores,1000420381,100.00
   275.646193004,7504409,,dTLB-load-misses,1000372276,100.00
   275.646193004,803517813,,dTLB-loads,1000372345,100.00
   275.646193004,1404557,,dTLB-store-misses,1000372195,100.00
   275.646193004,410638555,,dTLB-stores,1000371941,100.00
   276.646425862,7481588,,dTLB-load-misses,1000477864,100.00
   276.646425862,803727841,,dTLB-loads,1000477591,100.00
   276.646425862,1389693,,dTLB-store-misses,1000477779,100.00
   276.646425862,410748915,,dTLB-stores,1000478209,100.00
   277.646629343,7439918,,dTLB-load-misses,1000446398,100.00
   277.646629343,803787237,,dTLB-loads,1000447028,100.00
   277.646629343,1386311,,dTLB-store-misses,1000446845,100.00
   277.646629343,410756808,,dTLB-stores,1000446610,100.00
   278.646858935,7399940,,dTLB-load-misses,1000457662,100.00
   278.646858935,803624057,,dTLB-loads,1000457238,100.00
   278.646858935,1362256,,dTLB-store-misses,1000457389,100.00
   278.646858935,410681371,,dTLB-stores,1000457368,100.00
   279.647090465,7395750,,dTLB-load-misses,1000469631,100.00
   279.647090465,804019025,,dTLB-loads,1000469843,100.00
   279.647090465,1371815,,dTLB-store-misses,1000469755,100.00
   279.647090465,410860060,,dTLB-stores,1000470312,100.00
   280.647349171,7368580,,dTLB-load-misses,1000440789,100.00
   280.647349171,803774452,,dTLB-loads,1000440919,100.00
   280.647349171,1370658,,dTLB-store-misses,1000440907,100.00
   280.647349171,410745079,,dTLB-stores,1000440513,100.00
   281.647584373,7349512,,dTLB-load-misses,1000479848,100.00
   281.647584373,804016545,,dTLB-loads,1000479788,100.00
   281.647584373,1371916,,dTLB-store-misses,1000479905,100.00
   281.647584373,410828491,,dTLB-stores,1000479780,100.00
   282.647792487,7368996,,dTLB-load-misses,1000446279,100.00
   282.647792487,803712073,,dTLB-loads,1000445995,100.00
   282.647792487,1382637,,dTLB-store-misses,1000445883,100.00
   282.647792487,410690866,,dTLB-stores,1000445494,100.00
   283.648002612,7404052,,dTLB-load-misses,1000442179,100.00
   283.648002612,803475271,,dTLB-loads,1000442081,100.00
   283.648002612,1400444,,dTLB-store-misses,1000442005,100.00
   283.648002612,410557899,,dTLB-stores,1000442364,100.00
   284.648235395,7796482,,dTLB-load-misses,1000472963,100.00
   284.648235395,802068431,,dTLB-loads,1000473447,100.00
   284.648235395,1536685,,dTLB-store-misses,1000473740,100.00
   284.648235395,409846538,,dTLB-stores,1000473752,100.00
   285.648468056,7941593,,dTLB-load-misses,1000401116,100.00
   285.648468056,800849563,,dTLB-loads,1000400764,100.00
   285.648468056,1596675,,dTLB-store-misses,1000400661,100.00
   285.648468056,409202388,,dTLB-stores,1000400737,100.00
   286.648699489,7674408,,dTLB-load-misses,1000470001,100.00
   286.648699489,802095550,,dTLB-loads,1000469739,100.00
   286.648699489,1499898,,dTLB-store-misses,1000469782,100.00
   286.648699489,409819207,,dTLB-stores,1000469748,100.00
   287.648932271,7647698,,dTLB-load-misses,1000469175,100.00
   287.648932271,802364134,,dTLB-loads,1000469738,100.00
   287.648932271,1469869,,dTLB-store-misses,1000469676,100.00
   287.648932271,409970763,,dTLB-stores,1000469692,100.00
   288.649169732,7615470,,dTLB-load-misses,1000470567,100.00
   288.649169732,802063440,,dTLB-loads,1000470139,100.00
   288.649169732,1448964,,dTLB-store-misses,1000470251,100.00
   288.649169732,409824740,,dTLB-stores,1000470366,100.00
   289.649402434,7623991,,dTLB-load-misses,1000472754,100.00
   289.649402434,802403630,,dTLB-loads,1000472769,100.00
   289.649402434,1465054,,dTLB-store-misses,1000472734,100.00
   289.649402434,409969769,,dTLB-stores,1000472656,100.00
   290.649668041,7547061,,dTLB-load-misses,1000521182,100.00
   290.649668041,802483889,,dTLB-loads,1000521164,100.00
   290.649668041,1465233,,dTLB-store-misses,1000521073,100.00
   290.649668041,410006541,,dTLB-stores,1000521152,100.00
   291.649904871,7472700,,dTLB-load-misses,1000412688,100.00
   291.649904871,802861726,,dTLB-loads,1000412859,100.00
   291.649904871,1422913,,dTLB-store-misses,1000412935,100.00
   291.649904871,410218573,,dTLB-stores,1000412914,100.00
   292.650108502,7473239,,dTLB-load-misses,1000453031,100.00
   292.650108502,802840415,,dTLB-loads,1000452765,100.00
   292.650108502,1424009,,dTLB-store-misses,1000452700,100.00
   292.650108502,410178596,,dTLB-stores,1000452578,100.00
   293.650277810,7435705,,dTLB-load-misses,1000411155,100.00
   293.650277810,802826778,,dTLB-loads,1000411336,100.00
   293.650277810,1425103,,dTLB-store-misses,1000411196,100.00
   293.650277810,410152485,,dTLB-stores,1000411221,100.00
   294.650522769,7376188,,dTLB-load-misses,1000481223,100.00
   294.650522769,803109809,,dTLB-loads,1000481501,100.00
   294.650522769,1386890,,dTLB-store-misses,1000481691,100.00
   294.650522769,410308106,,dTLB-stores,1000481773,100.00
   295.650739664,7393259,,dTLB-load-misses,1000449942,100.00
   295.650739664,803302789,,dTLB-loads,1000449416,100.00
   295.650739664,1398844,,dTLB-store-misses,1000449109,100.00
   295.650739664,410416329,,dTLB-stores,1000448804,100.00
   296.650962326,7382217,,dTLB-load-misses,1000466430,100.00
   296.650962326,803153965,,dTLB-loads,1000467195,100.00
   296.650962326,1387094,,dTLB-store-misses,1000467433,100.00
   296.650962326,410342301,,dTLB-stores,1000467896,100.00
   297.651218303,7333934,,dTLB-load-misses,1000428613,100.00
   297.651218303,803200656,,dTLB-loads,1000428170,100.00
   297.651218303,1373281,,dTLB-store-misses,1000428355,100.00
   297.651218303,410353166,,dTLB-stores,1000428325,100.00
   298.651463260,7315110,,dTLB-load-misses,1000465089,100.00
   298.651463260,803310017,,dTLB-loads,1000464819,100.00
   298.651463260,1359887,,dTLB-store-misses,1000464783,100.00
   298.651463260,410395599,,dTLB-stores,1000464555,100.00
   299.651707754,7328463,,dTLB-load-misses,1000483203,100.00
   299.651707754,803428250,,dTLB-loads,1000483281,100.00
   299.651707754,1356659,,dTLB-store-misses,1000483356,100.00
   299.651707754,410429849,,dTLB-stores,1000483386,100.00
   300.651950270,7361735,,dTLB-load-misses,1000485112,100.00
   300.651950270,803480547,,dTLB-loads,1000485309,100.00
   300.651950270,1385720,,dTLB-store-misses,1000485295,100.00
   300.651950270,410498252,,dTLB-stores,1000485403,100.00
   301.652168493,7632902,,dTLB-load-misses,1000470055,100.00
   301.652168493,801921279,,dTLB-loads,1000469750,100.00
   301.652168493,1497805,,dTLB-store-misses,1000469585,100.00
   301.652168493,409690513,,dTLB-stores,1000469335,100.00
   302.652445097,7985883,,dTLB-load-misses,1000444575,100.00
   302.652445097,799740661,,dTLB-loads,1000445087,100.00
   302.652445097,1626428,,dTLB-store-misses,1000445096,100.00
   302.652445097,408560162,,dTLB-stores,1000445248,100.00
   303.652685915,7813607,,dTLB-load-misses,1000471282,100.00
   303.652685915,800881166,,dTLB-loads,1000470935,100.00
   303.652685915,1532158,,dTLB-store-misses,1000471102,100.00
   303.652685915,409120044,,dTLB-stores,1000471065,100.00
   304.652932089,7556441,,dTLB-load-misses,1000504050,100.00
   304.652932089,802070237,,dTLB-loads,1000504302,100.00
   304.652932089,1471004,,dTLB-store-misses,1000504150,100.00
   304.652932089,409714696,,dTLB-stores,1000504224,100.00
   305.653181304,7502190,,dTLB-load-misses,1000464339,100.00
   305.653181304,801935029,,dTLB-loads,1000464123,100.00
   305.653181304,1432703,,dTLB-store-misses,1000464030,100.00
   305.653181304,409655778,,dTLB-stores,1000464021,100.00
   306.653407467,7533709,,dTLB-load-misses,1000475032,100.00
   306.653407467,801877565,,dTLB-loads,1000474905,100.00
   306.653407467,1450008,,dTLB-store-misses,1000474930,100.00
   306.653407467,409628986,,dTLB-stores,1000474795,100.00
   307.653721021,7492530,,dTLB-load-misses,1000490154,100.00
   307.653721021,799244196,,dTLB-loads,1000491066,100.00
   307.653721021,1432903,,dTLB-store-misses,1000491416,100.00
   307.653721021,408270082,,dTLB-stores,1000491553,100.00
   308.653915237,7482024,,dTLB-load-misses,1000444510,100.00
   308.653915237,798949061,,dTLB-loads,1000443762,100.00
   308.653915237,1424089,,dTLB-store-misses,1000443398,100.00
   308.653915237,408103724,,dTLB-stores,1000443383,100.00
   309.654118471,7404353,,dTLB-load-misses,1000450232,100.00
   309.654118471,799621499,,dTLB-loads,1000450114,100.00
   309.654118471,1414765,,dTLB-store-misses,1000450043,100.00
   309.654118471,408439807,,dTLB-stores,1000449791,100.00
   310.654323281,7366514,,dTLB-load-misses,1000428626,100.00
   310.654323281,800012913,,dTLB-loads,1000428730,100.00
   310.654323281,1385106,,dTLB-store-misses,1000428836,100.00
   310.654323281,408665222,,dTLB-stores,1000429494,100.00
   311.654527470,7332302,,dTLB-load-misses,1000428813,100.00
   311.654527470,799798395,,dTLB-loads,1000428901,100.00
   311.654527470,1386321,,dTLB-store-misses,1000428786,100.00
   311.654527470,408544674,,dTLB-stores,1000428540,100.00
   312.654766216,7335024,,dTLB-load-misses,1000400904,100.00
   312.654766216,799626674,,dTLB-loads,1000400632,100.00
   312.654766216,1380637,,dTLB-store-misses,1000400955,100.00
   312.654766216,408460582,,dTLB-stores,1000400740,100.00
   313.654997458,7288151,,dTLB-load-misses,1000462168,100.00
   313.654997458,799607232,,dTLB-loads,1000462479,100.00
   313.654997458,1370261,,dTLB-store-misses,1000462396,100.00
   313.654997458,408394950,,dTLB-stores,1000462820,100.00
   314.655232313,7299907,,dTLB-load-misses,1000489906,100.00
   314.655232313,800009097,,dTLB-loads,1000492620,100.00
   314.655232313,1377066,,dTLB-store-misses,1000492411,100.00
   314.655232313,408632468,,dTLB-stores,1000492040,100.00
   315.655462566,7297723,,dTLB-load-misses,1000466182,100.00
   315.655462566,799846647,,dTLB-loads,1000463265,100.00
   315.655462566,1370567,,dTLB-store-misses,1000463271,100.00
   315.655462566,408568554,,dTLB-stores,1000463251,100.00
   316.655665283,7305688,,dTLB-load-misses,1000435973,100.00
   316.655665283,799904680,,dTLB-loads,1000436107,100.00
   316.655665283,1376093,,dTLB-store-misses,1000436134,100.00
   316.655665283,408542456,,dTLB-stores,1000435874,100.00
   317.655843738,7286472,,dTLB-load-misses,1000336056,100.00
   317.655843738,799366698,,dTLB-loads,1000335964,100.00
   317.655843738,1365609,,dTLB-store-misses,1000335854,100.00
   317.655843738,408297827,,dTLB-stores,1000335841,100.00
   318.656069721,7298396,,dTLB-load-misses,1000461632,100.00
   318.656069721,799284192,,dTLB-loads,1000461407,100.00
   318.656069721,1378424,,dTLB-store-misses,1000461772,100.00
   318.656069721,408240489,,dTLB-stores,1000462068,100.00
   319.656303891,7287930,,dTLB-load-misses,1000486240,100.00
   319.656303891,799811395,,dTLB-loads,1000486590,100.00
   319.656303891,1387195,,dTLB-store-misses,1000486618,100.00
   319.656303891,408505706,,dTLB-stores,1000486662,100.00
   320.656532437,7694043,,dTLB-load-misses,1000486819,100.00
   320.656532437,796570863,,dTLB-loads,1000486646,100.00
   320.656532437,1535540,,dTLB-store-misses,1000486643,100.00
   320.656532437,406812558,,dTLB-stores,1000486634,100.00
   321.656738646,8094542,,dTLB-load-misses,1000441497,100.00
   321.656738646,794412413,,dTLB-loads,1000441435,100.00
   321.656738646,1667018,,dTLB-store-misses,1000441327,100.00
   321.656738646,405754950,,dTLB-stores,1000440988,100.00
   322.656987640,8041226,,dTLB-load-misses,1000423292,100.00
   322.656987640,793688405,,dTLB-loads,1000423510,100.00
   322.656987640,1621756,,dTLB-store-misses,1000423331,100.00
   322.656987640,405358431,,dTLB-stores,1000423591,100.00
   323.657189082,7902261,,dTLB-load-misses,1000465258,100.00
   323.657189082,794975469,,dTLB-loads,1000465048,100.00
   323.657189082,1570164,,dTLB-store-misses,1000464903,100.00
   323.657189082,406010298,,dTLB-stores,1000464806,100.00
   324.657359504,7654430,,dTLB-load-misses,1000407850,100.00
   324.657359504,796433031,,dTLB-loads,1000408012,100.00
   324.657359504,1487046,,dTLB-store-misses,1000408060,100.00
   324.657359504,406766052,,dTLB-stores,1000408063,100.00
   325.657589610,7575602,,dTLB-load-misses,1000457275,100.00
   325.657589610,796800159,,dTLB-loads,1000457147,100.00
   325.657589610,1469867,,dTLB-store-misses,1000457446,100.00
   325.657589610,406934597,,dTLB-stores,1000457686,100.00
   326.657825658,7496645,,dTLB-load-misses,1000468874,100.00
   326.657825658,797669550,,dTLB-loads,1000468653,100.00
   326.657825658,1463266,,dTLB-store-misses,1000468652,100.00
   326.657825658,407389798,,dTLB-stores,1000468545,100.00
   327.658041740,7481027,,dTLB-load-misses,1000358058,100.00
   327.658041740,797242299,,dTLB-loads,1000358244,100.00
   327.658041740,1434339,,dTLB-store-misses,1000358260,100.00
   327.658041740,407171844,,dTLB-stores,1000358399,100.00
   328.658251732,7474326,,dTLB-load-misses,1000457614,100.00
   328.658251732,798829879,,dTLB-loads,1000457619,100.00
   328.658251732,1435712,,dTLB-store-misses,1000457432,100.00
   328.658251732,407971693,,dTLB-stores,1000457382,100.00
   329.658473640,7432334,,dTLB-load-misses,1000470329,100.00
   329.658473640,801202697,,dTLB-loads,1000470309,100.00
   329.658473640,1429872,,dTLB-store-misses,1000470369,100.00
   329.658473640,409167930,,dTLB-stores,1000470254,100.00
   330.658700019,7333682,,dTLB-load-misses,1000473968,100.00
   330.658700019,802065930,,dTLB-loads,1000474197,100.00
   330.658700019,1406784,,dTLB-store-misses,1000474286,100.00
   330.658700019,409620150,,dTLB-stores,1000474344,100.00
   331.658959650,7299258,,dTLB-load-misses,1000499938,100.00
   331.658959650,801983275,,dTLB-loads,1000499962,100.00
   331.658959650,1393663,,dTLB-store-misses,1000499751,100.00
   331.658959650,409530583,,dTLB-stores,1000499828,100.00
   332.659222463,7301096,,dTLB-load-misses,1000418135,100.00
   332.659222463,801907955,,dTLB-loads,1000417861,100.00
   332.659222463,1402508,,dTLB-store-misses,1000417955,100.00
   332.659222463,409542234,,dTLB-stores,1000418028,100.00
   333.659464609,7318905,,dTLB-load-misses,1000473321,100.00
   333.659464609,801808480,,dTLB-loads,1000473860,100.00
   333.659464609,1397874,,dTLB-store-misses,1000473858,100.00
   333.659464609,409446036,,dTLB-stores,1000473879,100.00
   334.659708934,7340200,,dTLB-load-misses,1000467071,100.00
   334.659708934,801801413,,dTLB-loads,1000466689,100.00
   334.659708934,1409587,,dTLB-store-misses,1000466748,100.00
   334.659708934,409452036,,dTLB-stores,1000466505,100.00
   335.659953766,7342157,,dTLB-load-misses,1000491849,100.00
   335.659953766,801781681,,dTLB-loads,1000491611,100.00
   335.659953766,1397266,,dTLB-store-misses,1000491507,100.00
   335.659953766,409439963,,dTLB-stores,1000491446,100.00
   336.660194131,7280131,,dTLB-load-misses,1000484460,100.00
   336.660194131,802302979,,dTLB-loads,1000484877,100.00
   336.660194131,1369089,,dTLB-store-misses,1000485071,100.00
   336.660194131,409699899,,dTLB-stores,1000485232,100.00
   337.660460999,7278513,,dTLB-load-misses,1000450872,100.00
   337.660460999,802136727,,dTLB-loads,1000450425,100.00
   337.660460999,1372649,,dTLB-store-misses,1000450368,100.00
   337.660460999,409626874,,dTLB-stores,1000450305,100.00
   338.660703117,7273427,,dTLB-load-misses,1000496335,100.00
   338.660703117,802371169,,dTLB-loads,1000496465,100.00
   338.660703117,1365028,,dTLB-store-misses,1000496402,100.00
   338.660703117,409745464,,dTLB-stores,1000496447,100.00
   339.660947135,7282349,,dTLB-load-misses,1000480138,100.00
   339.660947135,802303370,,dTLB-loads,1000480047,100.00
   339.660947135,1372224,,dTLB-store-misses,1000480006,100.00
   339.660947135,409727744,,dTLB-stores,1000479996,100.00
   340.661188496,7334721,,dTLB-load-misses,1000471293,100.00
   340.661188496,801878928,,dTLB-loads,1000471575,100.00
   340.661188496,1387696,,dTLB-store-misses,1000471663,100.00
   340.661188496,409482631,,dTLB-stores,1000471644,100.00
   341.661422408,7566482,,dTLB-load-misses,1000479496,100.00
   341.661422408,800396725,,dTLB-loads,1000479463,100.00
   341.661422408,1487856,,dTLB-store-misses,1000479306,100.00
   341.661422408,408704871,,dTLB-stores,1000479368,100.00
   342.661683076,7951296,,dTLB-load-misses,1000423705,100.00
   342.661683076,797606684,,dTLB-loads,1000423517,100.00
   342.661683076,1620452,,dTLB-store-misses,1000423632,100.00
   342.661683076,407303954,,dTLB-stores,1000423544,100.00
   343.661892110,8075765,,dTLB-load-misses,1000460540,100.00
   343.661892110,796745401,,dTLB-loads,1000460445,100.00
   343.661892110,1649665,,dTLB-store-misses,1000460374,100.00
   343.661892110,406833557,,dTLB-stores,1000460441,100.00
   344.662121916,7896414,,dTLB-load-misses,1000467475,100.00
   344.662121916,797645969,,dTLB-loads,1000467726,100.00
   344.662121916,1608489,,dTLB-store-misses,1000467724,100.00
   344.662121916,407287828,,dTLB-stores,1000467679,100.00
   345.662326230,7796657,,dTLB-load-misses,1000436711,100.00
   345.662326230,797920518,,dTLB-loads,1000436653,100.00
   345.662326230,1565974,,dTLB-store-misses,1000436550,100.00
   345.662326230,407426578,,dTLB-stores,1000436310,100.00
   346.662552947,7707792,,dTLB-load-misses,1000477041,100.00
   346.662552947,798430630,,dTLB-loads,1000477068,100.00
   346.662552947,1523851,,dTLB-store-misses,1000477115,100.00
   346.662552947,407681763,,dTLB-stores,1000477240,100.00
   347.662786935,7621728,,dTLB-load-misses,1000409875,100.00
   347.662786935,799010514,,dTLB-loads,1000409823,100.00
   347.662786935,1490366,,dTLB-store-misses,1000409968,100.00
   347.662786935,407953910,,dTLB-stores,1000410145,100.00
   348.663020397,7572493,,dTLB-load-misses,1000473731,100.00
   348.663020397,799584647,,dTLB-loads,1000473899,100.00
   348.663020397,1488648,,dTLB-store-misses,1000473859,100.00
   348.663020397,408274537,,dTLB-stores,1000473840,100.00
   349.663248784,7498182,,dTLB-load-misses,1000460921,100.00
   349.663248784,799740569,,dTLB-loads,1000460730,100.00
   349.663248784,1464474,,dTLB-store-misses,1000460767,100.00
   349.663248784,408334013,,dTLB-stores,1000460674,100.00
   350.663481439,7416151,,dTLB-load-misses,1000472706,100.00
   350.663481439,800479550,,dTLB-loads,1000472735,100.00
   350.663481439,1447166,,dTLB-store-misses,1000473527,100.00
   350.663481439,408701722,,dTLB-stores,1000473682,100.00
   351.663716478,7406745,,dTLB-load-misses,1000453534,100.00
   351.663716478,800510908,,dTLB-loads,1000453673,100.00
   351.663716478,1460821,,dTLB-store-misses,1000452771,100.00
   351.663716478,408732362,,dTLB-stores,1000452789,100.00
   352.663923093,7389344,,dTLB-load-misses,1000443876,100.00
   352.663923093,800476581,,dTLB-loads,1000443768,100.00
   352.663923093,1429540,,dTLB-store-misses,1000443780,100.00
   352.663923093,408710266,,dTLB-stores,1000443505,100.00
   353.664160682,7334775,,dTLB-load-misses,1000383114,100.00
   353.664160682,800952543,,dTLB-loads,1000383304,100.00
   353.664160682,1415275,,dTLB-store-misses,1000383327,100.00
   353.664160682,408938332,,dTLB-stores,1000383545,100.00
   354.664395446,7293909,,dTLB-load-misses,1000464378,100.00
   354.664395446,801109406,,dTLB-loads,1000464056,100.00
   354.664395446,1426982,,dTLB-store-misses,1000464154,100.00
   354.664395446,409015334,,dTLB-stores,1000464133,100.00
   355.664628896,7296043,,dTLB-load-misses,1000479782,100.00
   355.664628896,801187423,,dTLB-loads,1000479830,100.00
   355.664628896,1421395,,dTLB-store-misses,1000479695,100.00
   355.664628896,409053693,,dTLB-stores,1000479572,100.00
   356.664859725,7323371,,dTLB-load-misses,1000461634,100.00
   356.664859725,801133627,,dTLB-loads,1000461758,100.00
   356.664859725,1419606,,dTLB-store-misses,1000461755,100.00
   356.664859725,409012459,,dTLB-stores,1000462071,100.00
   357.665101239,7323487,,dTLB-load-misses,1000506448,100.00
   357.665101239,800956533,,dTLB-loads,1000506495,100.00
   357.665101239,1423195,,dTLB-store-misses,1000506560,100.00
   357.665101239,408909889,,dTLB-stores,1000506523,100.00
   358.665343945,7279701,,dTLB-load-misses,1000390811,100.00
   358.665343945,800967137,,dTLB-loads,1000390767,100.00
   358.665343945,1398913,,dTLB-store-misses,1000390794,100.00
   358.665343945,408938073,,dTLB-stores,1000390693,100.00
   359.665578541,7240679,,dTLB-load-misses,1000453781,100.00
   359.665578541,801389509,,dTLB-loads,1000453866,100.00
   359.665578541,1381796,,dTLB-store-misses,1000453869,100.00
   359.665578541,409155176,,dTLB-stores,1000454044,100.00
   360.665758628,7241872,,dTLB-load-misses,1000403231,100.00
   360.665758628,801334835,,dTLB-loads,1000403243,100.00
   360.665758628,1393268,,dTLB-store-misses,1000403206,100.00
   360.665758628,409104523,,dTLB-stores,1000402952,100.00
   361.665971567,7221646,,dTLB-load-misses,1000439516,100.00
   361.665971567,801229634,,dTLB-loads,1000439338,100.00
   361.665971567,1385048,,dTLB-store-misses,1000439109,100.00
   361.665971567,409015456,,dTLB-stores,1000438978,100.00
   362.666185484,7187236,,dTLB-load-misses,1000451530,100.00
   362.666185484,801792331,,dTLB-loads,1000451760,100.00
   362.666185484,1365838,,dTLB-store-misses,1000452271,100.00
   362.666185484,409348249,,dTLB-stores,1000452401,100.00
   363.666448555,7143913,,dTLB-load-misses,1000426262,100.00
   363.666448555,801830710,,dTLB-loads,1000426189,100.00
   363.666448555,1361206,,dTLB-store-misses,1000425932,100.00
   363.666448555,409337094,,dTLB-stores,1000425808,100.00
   364.666692029,7170103,,dTLB-load-misses,1000465795,100.00
   364.666692029,801279860,,dTLB-loads,1000465588,100.00
   364.666692029,1370918,,dTLB-store-misses,1000465520,100.00
   364.666692029,409046756,,dTLB-stores,1000465951,100.00
   365.666873748,7458716,,dTLB-load-misses,1000426581,100.00
   365.666873748,800008882,,dTLB-loads,1000426577,100.00
   365.666873748,1456559,,dTLB-store-misses,1000426460,100.00
   365.666873748,408407960,,dTLB-stores,1000426043,100.00
   366.667117550,7823011,,dTLB-load-misses,1000469419,100.00
   366.667117550,797332616,,dTLB-loads,1000469733,100.00
   366.667117550,1589905,,dTLB-store-misses,1000469900,100.00
   366.667117550,407047239,,dTLB-stores,1000469915,100.00
   367.667359212,8075835,,dTLB-load-misses,1000474919,100.00
   367.667359212,796015900,,dTLB-loads,1000474567,100.00
   367.667359212,1675129,,dTLB-store-misses,1000474545,100.00
   367.667359212,406368841,,dTLB-stores,1000474905,100.00
   368.667923060,8174627,,dTLB-load-misses,1000728111,100.00
   368.667923060,794961639,,dTLB-loads,1000728570,100.00
   368.667923060,1701514,,dTLB-store-misses,1000728486,100.00
   368.667923060,405822374,,dTLB-stores,1000728171,100.00
   369.668167785,7964025,,dTLB-load-misses,1000453283,100.00
   369.668167785,795673026,,dTLB-loads,1000452653,100.00
   369.668167785,1622296,,dTLB-store-misses,1000452702,100.00
   369.668167785,406134079,,dTLB-stores,1000452703,100.00
   370.668411114,7733128,,dTLB-load-misses,1000482058,100.00
   370.668411114,797753365,,dTLB-loads,1000482395,100.00
   370.668411114,1555473,,dTLB-store-misses,1000482467,100.00
   370.668411114,407234618,,dTLB-stores,1000482474,100.00
   371.668681636,7766143,,dTLB-load-misses,1000504647,100.00
   371.668681636,797670798,,dTLB-loads,1000504539,100.00
   371.668681636,1534971,,dTLB-store-misses,1000504482,100.00
   371.668681636,407184966,,dTLB-stores,1000504576,100.00
   372.668898308,7699892,,dTLB-load-misses,1000459310,100.00
   372.668898308,798170692,,dTLB-loads,1000459474,100.00
   372.668898308,1500130,,dTLB-store-misses,1000459519,100.00
   372.668898308,407422498,,dTLB-stores,1000459207,100.00
   373.669170986,7619251,,dTLB-load-misses,1000441935,100.00
   373.669170986,798203886,,dTLB-loads,1000441788,100.00
   373.669170986,1494255,,dTLB-store-misses,1000441765,100.00
   373.669170986,407446598,,dTLB-stores,1000441966,100.00
   374.669418899,7557841,,dTLB-load-misses,1000474815,100.00
   374.669418899,799073858,,dTLB-loads,1000474875,100.00
   374.669418899,1487235,,dTLB-store-misses,1000474965,100.00
   374.669418899,407878812,,dTLB-stores,1000474960,100.00
   375.669618328,7482697,,dTLB-load-misses,1000433998,100.00
   375.669618328,799051425,,dTLB-loads,1000434080,100.00
   375.669618328,1459805,,dTLB-store-misses,1000433940,100.00
   375.669618328,407870482,,dTLB-stores,1000434307,100.00
   376.669790530,7445602,,dTLB-load-misses,1000404322,100.00
   376.669790530,799517146,,dTLB-loads,1000404221,100.00
   376.669790530,1450624,,dTLB-store-misses,1000404780,100.00
   376.669790530,408094308,,dTLB-stores,1000404675,100.00
   377.670021307,7457027,,dTLB-load-misses,1000452566,100.00
   377.670021307,799588922,,dTLB-loads,1000452700,100.00
   377.670021307,1463355,,dTLB-store-misses,1000452175,100.00
   377.670021307,408146506,,dTLB-stores,1000451861,100.00
   378.670235522,7396236,,dTLB-load-misses,1000332799,100.00
   378.670235522,797112866,,dTLB-loads,1000332614,100.00
   378.670235522,1464437,,dTLB-store-misses,1000332972,100.00
   378.670235522,406891534,,dTLB-stores,1000333114,100.00
   379.670463387,7370323,,dTLB-load-misses,1000471814,100.00
   379.670463387,799383603,,dTLB-loads,1000471950,100.00
   379.670463387,1448065,,dTLB-store-misses,1000471835,100.00
   379.670463387,408024462,,dTLB-stores,1000471911,100.00
   380.670667704,7345782,,dTLB-load-misses,1000436229,100.00
   380.670667704,799941816,,dTLB-loads,1000436260,100.00
   380.670667704,1442609,,dTLB-store-misses,1000436113,100.00
   380.670667704,408297095,,dTLB-stores,1000435759,100.00
   381.670838029,7341962,,dTLB-load-misses,1000419974,100.00
   381.670838029,800333180,,dTLB-loads,1000420234,100.00
   381.670838029,1434503,,dTLB-store-misses,1000420122,100.00
   381.670838029,408483988,,dTLB-stores,1000420131,100.00
   382.671080091,7304336,,dTLB-load-misses,1000477479,100.00
   382.671080091,800252014,,dTLB-loads,1000476980,100.00
   382.671080091,1425869,,dTLB-store-misses,1000477027,100.00
   382.671080091,408448928,,dTLB-stores,1000477265,100.00
   383.671321506,7273066,,dTLB-load-misses,1000419582,100.00
   383.671321506,800421263,,dTLB-loads,1000419604,100.00
   383.671321506,1419015,,dTLB-store-misses,1000419553,100.00
   383.671321506,408552408,,dTLB-stores,1000419476,100.00
   384.671556805,7299496,,dTLB-load-misses,1000498204,100.00
   384.671556805,800593300,,dTLB-loads,1000498800,100.00
   384.671556805,1436330,,dTLB-store-misses,1000498835,100.00
   384.671556805,408646426,,dTLB-stores,1000499124,100.00
   385.671784378,7305317,,dTLB-load-misses,1000465162,100.00
   385.671784378,800024423,,dTLB-loads,1000464579,100.00
   385.671784378,1432984,,dTLB-store-misses,1000464677,100.00
   385.671784378,408341759,,dTLB-stores,1000464628,100.00
   386.671985668,7301525,,dTLB-load-misses,1000431348,100.00
   386.671985668,800369536,,dTLB-loads,1000431475,100.00
   386.671985668,1417083,,dTLB-store-misses,1000431448,100.00
   386.671985668,408500836,,dTLB-stores,1000431153,100.00
   387.672233251,7230834,,dTLB-load-misses,1000475170,100.00
   387.672233251,800627650,,dTLB-loads,1000475657,100.00
   387.672233251,1403744,,dTLB-store-misses,1000475605,100.00
   387.672233251,408633883,,dTLB-stores,1000475693,100.00
   388.672426843,7175187,,dTLB-load-misses,1000360979,100.00
   388.672426843,800942147,,dTLB-loads,1000360600,100.00
   388.672426843,1399168,,dTLB-store-misses,1000360487,100.00
   388.672426843,408815175,,dTLB-stores,1000360386,100.00
   389.672660703,7186720,,dTLB-load-misses,1000469479,100.00
   389.672660703,800825977,,dTLB-loads,1000469571,100.00
   389.672660703,1395295,,dTLB-store-misses,1000469596,100.00
   389.672660703,408712248,,dTLB-stores,1000469621,100.00
   390.672896918,7185328,,dTLB-load-misses,1000459339,100.00
   390.672896918,801030805,,dTLB-loads,1000459219,100.00
   390.672896918,1386859,,dTLB-store-misses,1000459312,100.00
   390.672896918,408809117,,dTLB-stores,1000459407,100.00
   391.673135277,7238426,,dTLB-load-misses,1000484038,100.00
   391.673135277,800491497,,dTLB-loads,1000483863,100.00
   391.673135277,1398170,,dTLB-store-misses,1000483963,100.00
   391.673135277,408544299,,dTLB-stores,1000483850,100.00
   392.673369300,7222854,,dTLB-load-misses,1000454857,100.00
   392.673369300,801039156,,dTLB-loads,1000454842,100.00
   392.673369300,1388366,,dTLB-store-misses,1000454902,100.00
   392.673369300,408853655,,dTLB-stores,1000455174,100.00
   393.673618599,7298595,,dTLB-load-misses,1000416207,100.00
   393.673618599,796648388,,dTLB-loads,1000416221,100.00
   393.673618599,1421340,,dTLB-store-misses,1000416034,100.00
   393.673618599,406566665,,dTLB-stores,1000415882,100.00
   394.673851431,7580979,,dTLB-load-misses,1000448929,100.00
   394.673851431,793554749,,dTLB-loads,1000448897,100.00
   394.673851431,1518073,,dTLB-store-misses,1000448755,100.00
   394.673851431,405040509,,dTLB-stores,1000448685,100.00
   395.674098514,7879179,,dTLB-load-misses,1000484280,100.00
   395.674098514,792047201,,dTLB-loads,1000484299,100.00
   395.674098514,1604123,,dTLB-store-misses,1000484545,100.00
   395.674098514,404259314,,dTLB-stores,1000484550,100.00
   396.674311673,8197121,,dTLB-load-misses,1000462535,100.00
   396.674311673,790023816,,dTLB-loads,1000462611,100.00
   396.674311673,1691179,,dTLB-store-misses,1000462363,100.00
   396.674311673,403208331,,dTLB-stores,1000462232,100.00
   397.674553361,8210495,,dTLB-load-misses,1000485049,100.00
   397.674553361,792525180,,dTLB-loads,1000485030,100.00
   397.674553361,1699593,,dTLB-store-misses,1000485031,100.00
   397.674553361,404444307,,dTLB-stores,1000485116,100.00
   398.674819493,7999061,,dTLB-load-misses,1000420042,100.00
   398.674819493,795076735,,dTLB-loads,1000419966,100.00
   398.674819493,1626917,,dTLB-store-misses,1000419969,100.00
   398.674819493,405762138,,dTLB-stores,1000419940,100.00
   399.675065595,7894191,,dTLB-load-misses,1000485550,100.00
   399.675065595,795909731,,dTLB-loads,1000485883,100.00
   399.675065595,1584079,,dTLB-store-misses,1000486052,100.00
   399.675065595,406195431,,dTLB-stores,1000486399,100.00
   400.675304445,7782731,,dTLB-load-misses,1000480297,100.00
   400.675304445,796774444,,dTLB-loads,1000479799,100.00
   400.675304445,1557465,,dTLB-store-misses,1000479755,100.00
   400.675304445,406637626,,dTLB-stores,1000479351,100.00
   401.675517910,7743909,,dTLB-load-misses,1000457693,100.00
   401.675517910,794227581,,dTLB-loads,1000457856,100.00
   401.675517910,1551607,,dTLB-store-misses,1000457725,100.00
   401.675517910,405347167,,dTLB-stores,1000457649,100.00
   402.675730725,7645881,,dTLB-load-misses,1000445949,100.00
   402.675730725,795086452,,dTLB-loads,1000446079,100.00
   402.675730725,1543067,,dTLB-store-misses,1000445989,100.00
   402.675730725,405782277,,dTLB-stores,1000446144,100.00
   403.675997375,7690424,,dTLB-load-misses,1000435249,100.00
   403.675997375,794482852,,dTLB-loads,1000435078,100.00
   403.675997375,1559395,,dTLB-store-misses,1000435215,100.00
   403.675997375,405448607,,dTLB-stores,1000435229,100.00
   404.676240427,7593311,,dTLB-load-misses,1000487127,100.00
   404.676240427,795470599,,dTLB-loads,1000487109,100.00
   404.676240427,1558434,,dTLB-store-misses,1000487202,100.00
   404.676240427,405951453,,dTLB-stores,1000487289,100.00
   405.676474550,7511634,,dTLB-load-misses,1000472963,100.00
   405.676474550,795599356,,dTLB-loads,1000473275,100.00
   405.676474550,1538481,,dTLB-store-misses,1000473442,100.00
   405.676474550,405976841,,dTLB-stores,1000473632,100.00
   406.676719973,7428548,,dTLB-load-misses,1000469231,100.00
   406.676719973,800367560,,dTLB-loads,1000468967,100.00
   406.676719973,1494884,,dTLB-store-misses,1000468817,100.00
   406.676719973,408431659,,dTLB-stores,1000468652,100.00
   407.676962272,7399711,,dTLB-load-misses,1000496975,100.00
   407.676962272,801391783,,dTLB-loads,1000496971,100.00
   407.676962272,1478791,,dTLB-store-misses,1000496902,100.00
   407.676962272,408889522,,dTLB-stores,1000496835,100.00
   408.677231676,7383779,,dTLB-load-misses,1000432393,100.00
   408.677231676,801767640,,dTLB-loads,1000432538,100.00
   408.677231676,1486076,,dTLB-store-misses,1000432571,100.00
   408.677231676,409107600,,dTLB-stores,1000432611,100.00
   409.677472919,7331050,,dTLB-load-misses,1000461858,100.00
   409.677472919,802193558,,dTLB-loads,1000461849,100.00
   409.677472919,1462351,,dTLB-store-misses,1000461866,100.00
   409.677472919,409350650,,dTLB-stores,1000461843,100.00
   410.677734196,7355305,,dTLB-load-misses,1000480873,100.00
   410.677734196,802012193,,dTLB-loads,1000480880,100.00
   410.677734196,1460877,,dTLB-store-misses,1000480894,100.00
   410.677734196,409212027,,dTLB-stores,1000480914,100.00
   411.677950215,7351547,,dTLB-load-misses,1000446074,100.00
   411.677950215,801296527,,dTLB-loads,1000446130,100.00
   411.677950215,1463830,,dTLB-store-misses,1000446166,100.00
   411.677950215,408890691,,dTLB-stores,1000446112,100.00
   412.678155875,7305566,,dTLB-load-misses,1000459456,100.00
   412.678155875,799054866,,dTLB-loads,1000459489,100.00
   412.678155875,1449398,,dTLB-store-misses,1000459359,100.00
   412.678155875,407725361,,dTLB-stores,1000459252,100.00
   413.678382956,7305838,,dTLB-load-misses,1000395400,100.00
   413.678382956,798416611,,dTLB-loads,1000395428,100.00
   413.678382956,1453821,,dTLB-store-misses,1000395558,100.00
   413.678382956,407419307,,dTLB-stores,1000395717,100.00
   414.678633981,7328030,,dTLB-load-misses,1000468087,100.00
   414.678633981,801981725,,dTLB-loads,1000468008,100.00
   414.678633981,1457920,,dTLB-store-misses,1000468054,100.00
   414.678633981,409204657,,dTLB-stores,1000468064,100.00
   415.678865333,7325274,,dTLB-load-misses,1000471642,100.00
   415.678865333,802515351,,dTLB-loads,1000471516,100.00
   415.678865333,1449876,,dTLB-store-misses,1000471845,100.00
   415.678865333,409498829,,dTLB-stores,1000471817,100.00
   416.679100172,7274847,,dTLB-load-misses,1000480730,100.00
   416.679100172,802644271,,dTLB-loads,1000480953,100.00
   416.679100172,1429516,,dTLB-store-misses,1000480704,100.00
   416.679100172,409532171,,dTLB-stores,1000480707,100.00
   417.679329714,7209169,,dTLB-load-misses,1000460930,100.00
   417.679329714,800067271,,dTLB-loads,1000460727,100.00
   417.679329714,1404906,,dTLB-store-misses,1000460471,100.00
   417.679329714,408252195,,dTLB-stores,1000460461,100.00
   418.679561776,5322419,,dTLB-load-misses,739514739,100.00
   418.679561776,589802379,,dTLB-loads,739509223,100.00
   418.679561776,1032763,,dTLB-store-misses,739505662,100.00
   418.679561776,300958839,,dTLB-stores,739502518,100.00
   419.679781355,1491,,dTLB-load-misses,565597,100.00
   419.679781355,90243,,dTLB-loads,565597,100.00
   419.679781355,21,,dTLB-store-misses,565597,100.00
   419.679781355,56214,,dTLB-stores,565597,100.00
   420.679995583,1299,,dTLB-load-misses,516310,100.00
   420.679995583,83541,,dTLB-loads,516310,100.00
   420.679995583,22,,dTLB-store-misses,516310,100.00
   420.679995583,51404,,dTLB-stores,516310,100.00
   421.680213897,1281,,dTLB-load-misses,499587,100.00
   421.680213897,80103,,dTLB-loads,499587,100.00
   421.680213897,19,,dTLB-store-misses,499587,100.00
   421.680213897,49718,,dTLB-stores,499587,100.00
   422.680432862,1302,,dTLB-load-misses,498510,100.00
   422.680432862,83036,,dTLB-loads,498510,100.00
   422.680432862,21,,dTLB-store-misses,498510,100.00
   422.680432862,51055,,dTLB-stores,498510,100.00
   423.532553703,1135,,dTLB-load-misses,463181,100.00
   423.532553703,76018,,dTLB-loads,463181,100.00
   423.532553703,25,,dTLB-store-misses,463181,100.00
   423.532553703,46470,,dTLB-stores,463181,100.00
