     1.000192324,3577896,,dTLB-load-misses,1000459607,100.00
     1.000192324,839831099,,dTLB-loads,1000450557,100.00
     1.000192324,113066,,dTLB-store-misses,1000449482,100.00
     1.000192324,430358311,,dTLB-stores,1000442326,100.00
     2.000383443,3583420,,dTLB-load-misses,1000444456,100.00
     2.000383443,839632106,,dTLB-loads,1000444842,100.00
     2.000383443,115238,,dTLB-store-misses,1000440557,100.00
     2.000383443,430259621,,dTLB-stores,1000441256,100.00
     3.000607065,3645898,,dTLB-load-misses,1000477516,100.00
     3.000607065,839229912,,dTLB-loads,1000476493,100.00
     3.000607065,126797,,dTLB-store-misses,1000475672,100.00
     3.000607065,430063490,,dTLB-stores,1000474943,100.00
     4.000856857,3829532,,dTLB-load-misses,1000504144,100.00
     4.000856857,838883292,,dTLB-loads,1000504058,100.00
     4.000856857,155600,,dTLB-store-misses,1000504089,100.00
     4.000856857,429839236,,dTLB-stores,1000503992,100.00
     5.001071481,3714279,,dTLB-load-misses,1000447753,100.00
     5.001071481,838731296,,dTLB-loads,1000447163,100.00
     5.001071481,137367,,dTLB-store-misses,1000447096,100.00
     5.001071481,429697079,,dTLB-stores,1000447064,100.00
     6.001287622,3673486,,dTLB-load-misses,1000425542,100.00
     6.001287622,839522626,,dTLB-loads,1000425459,100.00
     6.001287622,132763,,dTLB-store-misses,1000425423,100.00
     6.001287622,430106914,,dTLB-stores,1000425262,100.00
     7.001508625,3654705,,dTLB-load-misses,1000497313,100.00
     7.001508625,838070350,,dTLB-loads,1000497800,100.00
     7.001508625,125340,,dTLB-store-misses,1000498419,100.00
     7.001508625,429359272,,dTLB-stores,1000498683,100.00
     8.001707692,3672306,,dTLB-load-misses,1000488274,100.00
     8.001707692,835894108,,dTLB-loads,1000487740,100.00
     8.001707692,143978,,dTLB-store-misses,1000487321,100.00
     8.001707692,428273375,,dTLB-stores,1000486995,100.00
     9.001910978,3863573,,dTLB-load-misses,1000447791,100.00
     9.001910978,834902083,,dTLB-loads,1000447751,100.00
     9.001910978,173571,,dTLB-store-misses,1000447482,100.00
     9.001910978,427696955,,dTLB-stores,1000447512,100.00
    10.002154504,3725029,,dTLB-load-misses,1000507821,100.00
    10.002154504,835272245,,dTLB-loads,1000507794,100.00
    10.002154504,147775,,dTLB-store-misses,1000508134,100.00
    10.002154504,427895093,,dTLB-stores,1000508224,100.00
    11.002368233,3668350,,dTLB-load-misses,1000513926,100.00
    11.002368233,835375615,,dTLB-loads,1000513919,100.00
    11.002368233,150624,,dTLB-store-misses,1000513706,100.00
    11.002368233,427938933,,dTLB-stores,1000513782,100.00
    12.002589796,3728265,,dTLB-load-misses,1000515695,100.00
    12.002589796,834933356,,dTLB-loads,1000515727,100.00
    12.002589796,154587,,dTLB-store-misses,1000515762,100.00
    12.002589796,427672215,,dTLB-stores,1000515717,100.00
    13.002816239,3768695,,dTLB-load-misses,1000505438,100.00
    13.002816239,834726515,,dTLB-loads,1000505567,100.00
    13.002816239,172693,,dTLB-store-misses,1000505565,100.00
    13.002816239,427573519,,dTLB-stores,1000505817,100.00
    14.003036164,3903391,,dTLB-load-misses,1000500780,100.00
    14.003036164,834071663,,dTLB-loads,1000500985,100.00
    14.003036164,195607,,dTLB-store-misses,1000500933,100.00
    14.003036164,427178392,,dTLB-stores,1000500643,100.00
    15.003232295,<not counted>,,dTLB-load-misses,0,100.00
    15.003232295,834386905,,dTLB-loads,1000458845,100.00
    15.003232295,178029,,dTLB-store-misses,1000458951,100.00
    15.003232295,427344320,,dTLB-stores,1000458967,100.00
    16.003511583,3736277,,dTLB-load-misses,2001017572,100.00
    16.003511583,834513625,,dTLB-loads,1000558522,100.00
    16.003511583,171575,,dTLB-store-misses,1000558655,100.00
    16.003511583,427373097,,dTLB-stores,1000558842,100.00
    17.003708319,3678328,,dTLB-load-misses,1000454694,100.00
    17.003708319,834314409,,dTLB-loads,1000454817,100.00
    17.003708319,159377,,dTLB-store-misses,1000454661,100.00
    17.003708319,427219654,,dTLB-stores,1000454565,100.00
    18.003939794,3711537,,dTLB-load-misses,1000513228,100.00
    18.003939794,834013906,,dTLB-loads,1000513216,100.00
    18.003939794,180977,,dTLB-store-misses,1000513332,100.00
    18.003939794,427076791,,dTLB-stores,1000513305,100.00
    19.004169508,3901487,,dTLB-load-misses,1000518562,100.00
    19.004169508,833817559,,dTLB-loads,1000518464,100.00
    19.004169508,199770,,dTLB-store-misses,1000518325,100.00
    19.004169508,426957658,,dTLB-stores,1000518400,100.00
    20.004326908,3740089,,dTLB-load-misses,1000441112,100.00
    20.004326908,834089181,,dTLB-loads,1000441139,100.00
    20.004326908,186613,,dTLB-store-misses,1000440954,100.00
    20.004326908,427095975,,dTLB-stores,1000440750,100.00
    21.004517698,3773543,,dTLB-load-misses,1000465714,100.00
    21.004517698,833378240,,dTLB-loads,1000465424,100.00
    21.004517698,183527,,dTLB-store-misses,1000465507,100.00
    21.004517698,426718814,,dTLB-stores,1000465537,100.00
    22.004745536,3804231,,dTLB-load-misses,1000448464,100.00
    22.004745536,833340825,,dTLB-loads,1000448550,100.00
    22.004745536,197444,,dTLB-store-misses,1000448901,100.00
    22.004745536,426692060,,dTLB-stores,1000448884,100.00
    23.004926453,3772948,,dTLB-load-misses,1000439021,100.00
    23.004926453,832862467,,dTLB-loads,1000439120,100.00
    23.004926453,191571,,dTLB-store-misses,1000439014,100.00
    23.004926453,426390503,,dTLB-stores,1000439066,100.00
    24.005149536,3958550,,dTLB-load-misses,1000480684,100.00
    24.005149536,832579820,,dTLB-loads,1000480626,100.00
    24.005149536,227513,,dTLB-store-misses,1000480516,100.00
    24.005149536,426246708,,dTLB-stores,1000480497,100.00
    25.005342274,3783973,,dTLB-load-misses,1000455521,100.00
    25.005342274,832756100,,dTLB-loads,1000455351,100.00
    25.005342274,194755,,dTLB-store-misses,1000455230,100.00
    25.005342274,426345071,,dTLB-stores,1000455117,100.00
    26.005601959,3788697,,dTLB-load-misses,1000512180,100.00
    26.005601959,832282360,,dTLB-loads,1000512500,100.00
    26.005601959,207305,,dTLB-store-misses,1000512644,100.00
    26.005601959,426033275,,dTLB-stores,1000512762,100.00
    27.005798296,3711794,,dTLB-load-misses,1000458787,100.00
    27.005798296,832863154,,dTLB-loads,1000458915,100.00
    27.005798296,191117,,dTLB-store-misses,1000458962,100.00
    27.005798296,426319606,,dTLB-stores,1000458977,100.00
    28.006018651,3722604,,dTLB-load-misses,1000489006,100.00
    28.006018651,832758742,,dTLB-loads,1000488763,100.00
    28.006018651,206532,,dTLB-store-misses,1000488769,100.00
    28.006018651,426255853,,dTLB-stores,1000488869,100.00
    29.006238695,3738031,,dTLB-load-misses,1000491136,100.00
    29.006238695,832437466,,dTLB-loads,1000491296,100.00
    29.006238695,200733,,dTLB-store-misses,1000491188,100.00
    29.006238695,426049348,,dTLB-stores,1000491280,100.00
    30.006463486,3951869,,dTLB-load-misses,1000480145,100.00
    30.006463486,831684514,,dTLB-loads,1000479954,100.00
    30.006463486,244319,,dTLB-store-misses,1000479941,100.00
    30.006463486,425694807,,dTLB-stores,1000479941,100.00
    31.006661177,3863194,,dTLB-load-misses,1000456907,100.00
    31.006661177,831613512,,dTLB-loads,1000457086,100.00
    31.006661177,224826,,dTLB-store-misses,1000456906,100.00
    31.006661177,425622914,,dTLB-stores,1000456834,100.00
    32.006886201,3775165,,dTLB-load-misses,1000472173,100.00
    32.006886201,832210830,,dTLB-loads,1000472084,100.00
    32.006886201,210423,,dTLB-store-misses,1000472332,100.00
    32.006886201,425902767,,dTLB-stores,1000472268,100.00
    33.007044640,3739711,,dTLB-load-misses,1000438218,100.00
    33.007044640,831900117,,dTLB-loads,1000438198,100.00
    33.007044640,217654,,dTLB-store-misses,1000438011,100.00
    33.007044640,425739797,,dTLB-stores,1000437866,100.00
    34.007260510,3746352,,dTLB-load-misses,1000460353,100.00
    34.007260510,831918674,,dTLB-loads,1000460175,100.00
    34.007260510,217875,,dTLB-store-misses,1000460331,100.00
    34.007260510,425716854,,dTLB-stores,1000460426,100.00
    35.007420845,3853499,,dTLB-load-misses,1000439695,100.00
    35.007420845,831442172,,dTLB-loads,1000439887,100.00
    35.007420845,239530,,dTLB-store-misses,1000440290,100.00
    35.007420845,425485450,,dTLB-stores,1000440723,100.00
    36.007622726,3886452,,dTLB-load-misses,1000460797,100.00
    36.007622726,830546186,,dTLB-loads,1000460816,100.00
    36.007622726,239082,,dTLB-store-misses,1000460460,100.00
    36.007622726,424964767,,dTLB-stores,1000459893,100.00
    37.007845778,3908700,,dTLB-load-misses,1000484163,100.00
    37.007845778,830696767,,dTLB-loads,1000483977,100.00
    37.007845778,239189,,dTLB-store-misses,1000483968,100.00
    37.007845778,425046313,,dTLB-stores,1000484160,100.00
    38.008041112,3804226,,dTLB-load-misses,1000461242,100.00
    38.008041112,831517490,,dTLB-loads,1000461382,100.00
    38.008041112,232381,,dTLB-store-misses,1000461184,100.00
    38.008041112,425443437,,dTLB-stores,1000461133,100.00
    39.008268796,3757669,,dTLB-load-misses,1000502911,100.00
    39.008268796,830119302,,dTLB-loads,1000502931,100.00
    39.008268796,225973,,dTLB-store-misses,1000503281,100.00
    39.008268796,424714645,,dTLB-stores,1000503346,100.00
    40.008460670,3746887,,dTLB-load-misses,1000465667,100.00
    40.008460670,831296031,,dTLB-loads,1000465642,100.00
    40.008460670,229260,,dTLB-store-misses,1000465322,100.00
    40.008460670,425321950,,dTLB-stores,1000465121,100.00
    41.008698060,3938496,,dTLB-load-misses,1000496825,100.00
    41.008698060,830803629,,dTLB-loads,1000496820,100.00
    41.008698060,262333,,dTLB-store-misses,1000497060,100.00
    41.008698060,425074175,,dTLB-stores,1000497181,100.00
    42.008922083,3829267,,dTLB-load-misses,1000478635,100.00
    42.008922083,830578415,,dTLB-loads,1000478634,100.00
    42.008922083,242171,,dTLB-store-misses,1000478562,100.00
    42.008922083,424894967,,dTLB-stores,1000478639,100.00
    43.009114227,3819721,,dTLB-load-misses,1000472696,100.00
    43.009114227,831159382,,dTLB-loads,1000472889,100.00
    43.009114227,249137,,dTLB-store-misses,1000472978,100.00
    43.009114227,425217184,,dTLB-stores,1000473040,100.00
    44.009338986,3815672,,dTLB-load-misses,1000485885,100.00
    44.009338986,830949621,,dTLB-loads,1000485593,100.00
    44.009338986,252044,,dTLB-store-misses,1000485746,100.00
    44.009338986,425083809,,dTLB-stores,1000485649,100.00
    45.009533053,3778460,,dTLB-load-misses,1000453549,100.00
    45.009533053,830746089,,dTLB-loads,1000453782,100.00
    45.009533053,249911,,dTLB-store-misses,1000453414,100.00
    45.009533053,424971890,,dTLB-stores,1000453571,100.00
    46.009754760,3754353,,dTLB-load-misses,1000456157,100.00
    46.009754760,830397563,,dTLB-loads,1000456035,100.00
    46.009754760,244208,,dTLB-store-misses,1000456299,100.00
    46.009754760,424749083,,dTLB-stores,1000456127,100.00
    47.009974041,3841150,,dTLB-load-misses,1000492820,100.00
    47.009974041,830628153,,dTLB-loads,1000492847,100.00
    47.009974041,266317,,dTLB-store-misses,1000492818,100.00
    47.009974041,424825090,,dTLB-stores,1000492794,100.00
    48.010171072,3872441,,dTLB-load-misses,1000454424,100.00
    48.010171072,829896579,,dTLB-loads,1000454591,100.00
    48.010171072,262934,,dTLB-store-misses,1000454454,100.00
    48.010171072,424482762,,dTLB-stores,1000454268,100.00
    49.010405508,3890080,,dTLB-load-misses,1000486512,100.00
    49.010405508,829536614,,dTLB-loads,1000486464,100.00
    49.010405508,263957,,dTLB-store-misses,1000486397,100.00
    49.010405508,424260708,,dTLB-stores,1000486699,100.00
    50.010595542,3851207,,dTLB-load-misses,1000455600,100.00
    50.010595542,829378543,,dTLB-loads,1000455810,100.00
    50.010595542,269391,,dTLB-store-misses,1000455776,100.00
    50.010595542,424154482,,dTLB-stores,1000455739,100.00
    51.010792572,3755809,,dTLB-load-misses,1000484705,100.00
    51.010792572,830209513,,dTLB-loads,1000484251,100.00
    51.010792572,260696,,dTLB-store-misses,1000484207,100.00
    51.010792572,424599029,,dTLB-stores,1000484122,100.00
    52.011013734,3745302,,dTLB-load-misses,1000479875,100.00
    52.011013734,829835149,,dTLB-loads,1000479838,100.00
    52.011013734,260853,,dTLB-store-misses,1000479843,100.00
    52.011013734,424377343,,dTLB-stores,1000479935,100.00
    53.011241624,3756284,,dTLB-load-misses,1000462170,100.00
    53.011241624,826327581,,dTLB-loads,1000462349,100.00
    53.011241624,257932,,dTLB-store-misses,1000462334,100.00
    53.011241624,422601994,,dTLB-stores,1000462309,100.00
    54.011399596,3961985,,dTLB-load-misses,1000405559,100.00
    54.011399596,828780452,,dTLB-loads,1000405327,100.00
    54.011399596,290408,,dTLB-store-misses,1000405329,100.00
    54.011399596,423798712,,dTLB-stores,1000405122,100.00
    55.011619370,3859587,,dTLB-load-misses,1000475408,100.00
    55.011619370,829380248,,dTLB-loads,1000475523,100.00
    55.011619370,279681,,dTLB-store-misses,1000475682,100.00
    55.011619370,424107436,,dTLB-stores,1000476118,100.00
    56.011836744,3803360,,dTLB-load-misses,1000491879,100.00
    56.011836744,829557460,,dTLB-loads,1000491946,100.00
    56.011836744,271991,,dTLB-store-misses,1000492008,100.00
    56.011836744,424180596,,dTLB-stores,1000491919,100.00
    57.012004359,3761131,,dTLB-load-misses,1000419522,100.00
    57.012004359,829440423,,dTLB-loads,1000420396,100.00
    57.012004359,268836,,dTLB-store-misses,1000421153,100.00
    57.012004359,424086551,,dTLB-stores,1000422117,100.00
    58.012227781,3758844,,dTLB-load-misses,1000485753,100.00
    58.012227781,829504956,,dTLB-loads,1000484961,100.00
    58.012227781,271376,,dTLB-store-misses,1000484301,100.00
    58.012227781,424113986,,dTLB-stores,1000483170,100.00
    59.012400027,3774520,,dTLB-load-misses,1000428253,100.00
    59.012400027,828901915,,dTLB-loads,1000429068,100.00
    59.012400027,284409,,dTLB-store-misses,1000429529,100.00
    59.012400027,423785291,,dTLB-stores,1000430308,100.00
    60.012628340,3944633,,dTLB-load-misses,1000487443,100.00
    60.012628340,828503478,,dTLB-loads,1000486512,100.00
    60.012628340,315095,,dTLB-store-misses,1000485888,100.00
    60.012628340,423579662,,dTLB-stores,1000485101,100.00
    61.012849418,3955710,,dTLB-load-misses,1000472653,100.00
    61.012849418,827618793,,dTLB-loads,1000472817,100.00
    61.012849418,306424,,dTLB-store-misses,1000472994,100.00
    61.012849418,423111928,,dTLB-stores,1000472969,100.00
    62.013074507,3876431,,dTLB-load-misses,1000484358,100.00
    62.013074507,828240831,,dTLB-loads,1000484134,100.00
    62.013074507,289506,,dTLB-store-misses,1000484154,100.00
    62.013074507,423431195,,dTLB-stores,1000484411,100.00
    63.013330180,3867314,,dTLB-load-misses,1000498021,100.00
    63.013330180,828305257,,dTLB-loads,1000498328,100.00
    63.013330180,291157,,dTLB-store-misses,1000498101,100.00
    63.013330180,423426776,,dTLB-stores,1000497909,100.00
    64.013558041,3814251,,dTLB-load-misses,1000489986,100.00
    64.013558041,828251293,,dTLB-loads,1000489786,100.00
    64.013558041,287586,,dTLB-store-misses,1000489801,100.00
    64.013558041,423384228,,dTLB-stores,1000489734,100.00
    65.013783079,3803269,,dTLB-load-misses,1000489731,100.00
    65.013783079,828222632,,dTLB-loads,1000489808,100.00
    65.013783079,290938,,dTLB-store-misses,1000489904,100.00
    65.013783079,423370832,,dTLB-stores,1000490026,100.00
    66.013978323,3797820,,dTLB-load-misses,1000460590,100.00
    66.013978323,826178697,,dTLB-loads,1000460509,100.00
    66.013978323,295393,,dTLB-store-misses,1000460127,100.00
    66.013978323,422315962,,dTLB-stores,1000460120,100.00
    67.014203695,3942466,,dTLB-load-misses,1000490334,100.00
    67.014203695,824470671,,dTLB-loads,1000490275,100.00
    67.014203695,323393,,dTLB-store-misses,1000490724,100.00
    67.014203695,421447662,,dTLB-stores,1000490664,100.00
    68.014424669,3868903,,dTLB-load-misses,1000482044,100.00
    68.014424669,820695802,,dTLB-loads,1000482063,100.00
    68.014424669,302064,,dTLB-store-misses,1000481865,100.00
    68.014424669,419510438,,dTLB-stores,1000481805,100.00
    69.014646574,3819577,,dTLB-load-misses,1000451212,100.00
    69.014646574,822014751,,dTLB-loads,1000451071,100.00
    69.014646574,298948,,dTLB-store-misses,1000451309,100.00
    69.014646574,420153370,,dTLB-stores,1000451608,100.00
    70.014873592,3803111,,dTLB-load-misses,1000467153,100.00
    70.014873592,824372831,,dTLB-loads,1000467547,100.00
    70.014873592,298180,,dTLB-store-misses,1000467306,100.00
    70.014873592,421314520,,dTLB-stores,1000467257,100.00
    71.015103498,3779118,,dTLB-load-misses,1000476850,100.00
    71.015103498,824629221,,dTLB-loads,1000476599,100.00
    71.015103498,296914,,dTLB-store-misses,1000476629,100.00
    71.015103498,421482479,,dTLB-stores,1000476559,100.00
    72.015299591,3781631,,dTLB-load-misses,1000457022,100.00
    72.015299591,824207952,,dTLB-loads,1000457108,100.00
    72.015299591,298059,,dTLB-store-misses,1000456982,100.00
    72.015299591,421219242,,dTLB-stores,1000456721,100.00
    73.015460346,3771947,,dTLB-load-misses,1000422933,100.00
    73.015460346,824649383,,dTLB-loads,1000422891,100.00
    73.015460346,308336,,dTLB-store-misses,1000422868,100.00
    73.015460346,421468402,,dTLB-stores,1000422732,100.00
    74.015674347,3861364,,dTLB-load-misses,1000448091,100.00
    74.015674347,823743438,,dTLB-loads,1000447977,100.00
    74.015674347,319736,,dTLB-store-misses,1000448119,100.00
    74.015674347,420980496,,dTLB-stores,1000448383,100.00
    75.015893793,3961623,,dTLB-load-misses,1000464246,100.00
    75.015893793,823452744,,dTLB-loads,1000464411,100.00
    75.015893793,334666,,dTLB-store-misses,1000464333,100.00
    75.015893793,420790423,,dTLB-stores,1000464414,100.00
    76.016095665,3907214,,dTLB-load-misses,1000464781,100.00
    76.016095665,823930234,,dTLB-loads,1000464913,100.00
    76.016095665,325205,,dTLB-store-misses,1000465051,100.00
    76.016095665,421045423,,dTLB-stores,1000464971,100.00
    77.016296087,3878394,,dTLB-load-misses,1000466276,100.00
    77.016296087,823480814,,dTLB-loads,1000466094,100.00
    77.016296087,315963,,dTLB-store-misses,1000466403,100.00
    77.016296087,420772762,,dTLB-stores,1000466303,100.00
    78.016515293,3817971,,dTLB-load-misses,1000488388,100.00
    78.016515293,823736062,,dTLB-loads,1000488410,100.00
    78.016515293,315334,,dTLB-store-misses,1000487951,100.00
    78.016515293,420911760,,dTLB-stores,1000488031,100.00
    79.016706801,3805459,,dTLB-load-misses,1000464653,100.00
    79.016706801,823847028,,dTLB-loads,1000464761,100.00
    79.016706801,316388,,dTLB-store-misses,1000464643,100.00
    79.016706801,420939250,,dTLB-stores,1000464666,100.00
    80.016932614,3786421,,dTLB-load-misses,1000488251,100.00
    80.016932614,823592244,,dTLB-loads,1000488003,100.00
    80.016932614,316173,,dTLB-store-misses,1000488324,100.00
    80.016932614,420818517,,dTLB-stores,1000488245,100.00
    81.017127194,3750324,,dTLB-load-misses,1000449880,100.00
    81.017127194,823690653,,dTLB-loads,1000449758,100.00
    81.017127194,312975,,dTLB-store-misses,1000449458,100.00
    81.017127194,420861480,,dTLB-stores,1000449368,100.00
    82.017353824,3971786,,dTLB-load-misses,1000479979,100.00
    82.017353824,822910026,,dTLB-loads,1000480213,100.00
    82.017353824,343860,,dTLB-store-misses,1000480768,100.00
    82.017353824,420462436,,dTLB-stores,1000480996,100.00
    83.017570644,3900757,,dTLB-load-misses,1000472724,100.00
    83.017570644,822919866,,dTLB-loads,1000472550,100.00
    83.017570644,333112,,dTLB-store-misses,1000472292,100.00
    83.017570644,420426612,,dTLB-stores,1000472182,100.00
    84.017805105,3887256,,dTLB-load-misses,1000505716,100.00
    84.017805105,823448423,,dTLB-loads,1000505740,100.00
    84.017805105,334855,,dTLB-store-misses,1000505827,100.00
    84.017805105,420714577,,dTLB-stores,1000505897,100.00
    85.018027245,3838162,,dTLB-load-misses,1000491392,100.00
    85.018027245,823287510,,dTLB-loads,1000491689,100.00
    85.018027245,330711,,dTLB-store-misses,1000491502,100.00
    85.018027245,420618238,,dTLB-stores,1000491392,100.00
    86.018246366,3838174,,dTLB-load-misses,1000483158,100.00
    86.018246366,822905083,,dTLB-loads,1000483168,100.00
    86.018246366,331395,,dTLB-store-misses,1000483194,100.00
    86.018246366,420387771,,dTLB-stores,1000483349,100.00
    87.018408186,3811612,,dTLB-load-misses,1000418269,100.00
    87.018408186,822757029,,dTLB-loads,1000417889,100.00
    87.018408186,327443,,dTLB-store-misses,1000417492,100.00
    87.018408186,420294980,,dTLB-stores,1000417319,100.00
    88.018633793,3788443,,dTLB-load-misses,1000482497,100.00
    88.018633793,823268212,,dTLB-loads,1000483104,100.00
    88.018633793,329989,,dTLB-store-misses,1000483529,100.00
    88.018633793,420560613,,dTLB-stores,1000483781,100.00
    89.018857121,3767767,,dTLB-load-misses,1000487873,100.00
    89.018857121,823150275,,dTLB-loads,1000487502,100.00
    89.018857121,329599,,dTLB-store-misses,1000487418,100.00
    89.018857121,420455988,,dTLB-stores,1000487169,100.00
    90.019070879,4038927,,dTLB-load-misses,1000477029,100.00
    90.019070879,821927264,,dTLB-loads,1000476988,100.00
    90.019070879,371212,,dTLB-store-misses,1000476889,100.00
    90.019070879,419790622,,dTLB-stores,1000476964,100.00
    91.019295581,3964732,,dTLB-load-misses,1000467887,100.00
    91.019295581,822228634,,dTLB-loads,1000468135,100.00
    91.019295581,353709,,dTLB-store-misses,1000468308,100.00
    91.019295581,419964715,,dTLB-stores,1000468301,100.00
    92.019453259,3953692,,dTLB-load-misses,1000415769,100.00
    92.019453259,822033522,,dTLB-loads,1000415419,100.00
    92.019453259,355392,,dTLB-store-misses,1000415316,100.00
    92.019453259,419860816,,dTLB-stores,1000415251,100.00
    93.019641117,3892228,,dTLB-load-misses,1000443850,100.00
    93.019641117,822064231,,dTLB-loads,1000443980,100.00
    93.019641117,356439,,dTLB-store-misses,1000444189,100.00
    93.019641117,419835773,,dTLB-stores,1000444268,100.00
    94.019859099,3845953,,dTLB-load-misses,1000479205,100.00
    94.019859099,822079875,,dTLB-loads,1000479130,100.00
    94.019859099,346985,,dTLB-store-misses,1000479135,100.00
    94.019859099,419841981,,dTLB-stores,1000479181,100.00
    95.020050754,3828352,,dTLB-load-misses,1000474857,100.00
    95.020050754,822485602,,dTLB-loads,1000474898,100.00
    95.020050754,341452,,dTLB-store-misses,1000474530,100.00
    95.020050754,420053956,,dTLB-stores,1000474331,100.00
    96.020246415,3807958,,dTLB-load-misses,1000448112,100.00
    96.020246415,822093998,,dTLB-loads,1000448426,100.00
    96.020246415,344250,,dTLB-store-misses,1000448601,100.00
    96.020246415,419836945,,dTLB-stores,1000448627,100.00
    97.020417880,3784533,,dTLB-load-misses,1000429920,100.00
    97.020417880,822038070,,dTLB-loads,1000430547,100.00
    97.020417880,344434,,dTLB-store-misses,1000431515,100.00
    97.020417880,419809054,,dTLB-stores,1000432378,100.00
    98.020694792,3990575,,dTLB-load-misses,1000551429,100.00
    98.020694792,821630176,,dTLB-loads,1000550860,100.00
    98.020694792,374195,,dTLB-store-misses,1000549855,100.00
    98.020694792,419582498,,dTLB-stores,1000549182,100.00
    99.020910391,4077370,,dTLB-load-misses,1000460673,100.00
    99.020910391,820983267,,dTLB-loads,1000460268,100.00
    99.020910391,383099,,dTLB-store-misses,1000460428,100.00
    99.020910391,419263375,,dTLB-stores,1000460298,100.00
   100.021129267,3955815,,dTLB-load-misses,1000445270,100.00
   100.021129267,821336093,,dTLB-loads,1000445347,100.00
   100.021129267,369050,,dTLB-store-misses,1000445387,100.00
   100.021129267,419426350,,dTLB-stores,1000445442,100.00
   101.021355189,3947216,,dTLB-load-misses,1000490644,100.00
   101.021355189,821056533,,dTLB-loads,1000490766,100.00
   101.021355189,369122,,dTLB-store-misses,1000490774,100.00
   101.021355189,419242071,,dTLB-stores,1000490799,100.00
   102.021578039,3874986,,dTLB-load-misses,1000493737,100.00
   102.021578039,822046728,,dTLB-loads,1000493680,100.00
   102.021578039,359742,,dTLB-store-misses,1000493676,100.00
   102.021578039,419743531,,dTLB-stores,1000493741,100.00
   103.021800095,3899862,,dTLB-load-misses,1000457968,100.00
   103.021800095,821307193,,dTLB-loads,1000458590,100.00
   103.021800095,373271,,dTLB-store-misses,1000458563,100.00
   103.021800095,419376030,,dTLB-stores,1000458568,100.00
   104.021963998,3888736,,dTLB-load-misses,1000418201,100.00
   104.021963998,821401449,,dTLB-loads,1000417307,100.00
   104.021963998,364672,,dTLB-store-misses,1000416939,100.00
   104.021963998,419382971,,dTLB-stores,1000416876,100.00
   105.022189234,3893410,,dTLB-load-misses,1000475150,100.00
   105.022189234,821227548,,dTLB-loads,1000475362,100.00
   105.022189234,368868,,dTLB-store-misses,1000475698,100.00
   105.022189234,419285327,,dTLB-stores,1000475633,100.00
   106.022419535,3906745,,dTLB-load-misses,1000485285,100.00
   106.022419535,821629222,,dTLB-loads,1000485190,100.00
   106.022419535,371466,,dTLB-store-misses,1000485175,100.00
   106.022419535,419505872,,dTLB-stores,1000485221,100.00
   107.022604290,4157817,,dTLB-load-misses,1000451927,100.00
   107.022604290,820627766,,dTLB-loads,1000451911,100.00
   107.022604290,406810,,dTLB-store-misses,1000451865,100.00
   107.022604290,418961006,,dTLB-stores,1000451705,100.00
   108.022834322,3971516,,dTLB-load-misses,1000465299,100.00
   108.022834322,821089605,,dTLB-loads,1000465563,100.00
   108.022834322,388404,,dTLB-store-misses,1000465682,100.00
   108.022834322,419204674,,dTLB-stores,1000465756,100.00
   109.023066804,3976960,,dTLB-load-misses,1000470913,100.00
   109.023066804,820799828,,dTLB-loads,1000470904,100.00
   109.023066804,387976,,dTLB-store-misses,1000470705,100.00
   109.023066804,419048327,,dTLB-stores,1000470738,100.00
   110.023313951,3950335,,dTLB-load-misses,1000483865,100.00
   110.023313951,820923385,,dTLB-loads,1000483668,100.00
   110.023313951,382724,,dTLB-store-misses,1000483775,100.00
   110.023313951,419103657,,dTLB-stores,1000486726,100.00
   111.023483527,3960847,,dTLB-load-misses,1000426497,100.00
   111.023483527,820843264,,dTLB-loads,1000426662,100.00
   111.023483527,387724,,dTLB-store-misses,1000426625,100.00
   111.023483527,419051194,,dTLB-stores,1000423511,100.00
   112.023714897,3898652,,dTLB-load-misses,1000486089,100.00
   112.023714897,820820620,,dTLB-loads,1000486062,100.00
   112.023714897,387367,,dTLB-store-misses,1000486103,100.00
   112.023714897,419024701,,dTLB-stores,1000486369,100.00
   113.023923791,3916040,,dTLB-load-misses,1000457367,100.00
   113.023923791,820739361,,dTLB-loads,1000457270,100.00
   113.023923791,388344,,dTLB-store-misses,1000457060,100.00
   113.023923791,418983355,,dTLB-stores,1000456858,100.00
   114.024159039,3912605,,dTLB-load-misses,1000482521,100.00
   114.024159039,820545979,,dTLB-loads,1000482518,100.00
   114.024159039,393242,,dTLB-store-misses,1000482876,100.00
   114.024159039,418864455,,dTLB-stores,1000482967,100.00
   115.024328910,3879041,,dTLB-load-misses,1000434393,100.00
   115.024328910,820915147,,dTLB-loads,1000434256,100.00
   115.024328910,387225,,dTLB-store-misses,1000433989,100.00
   115.024328910,419058267,,dTLB-stores,1000433960,100.00
   116.024579554,4041976,,dTLB-load-misses,1000502544,100.00
   116.024579554,820993857,,dTLB-loads,1000502634,100.00
   116.024579554,402105,,dTLB-store-misses,1000502793,100.00
   116.024579554,419110321,,dTLB-stores,1000503222,100.00
   117.024819058,4021423,,dTLB-load-misses,1000494699,100.00
   117.024819058,821008109,,dTLB-loads,1000494844,100.00
   117.024819058,403476,,dTLB-store-misses,1000494913,100.00
   117.024819058,419083484,,dTLB-stores,1000494719,100.00
   118.025027063,3872351,,dTLB-load-misses,1000463251,100.00
   118.025027063,821410893,,dTLB-loads,1000463020,100.00
   118.025027063,383894,,dTLB-store-misses,1000462962,100.00
   118.025027063,419299750,,dTLB-stores,1000462954,100.00
   119.025264242,3857663,,dTLB-load-misses,1000498238,100.00
   119.025264242,820619823,,dTLB-loads,1000498346,100.00
   119.025264242,390921,,dTLB-store-misses,1000498335,100.00
   119.025264242,418858259,,dTLB-stores,1000498280,100.00
   120.025472016,3798279,,dTLB-load-misses,1000467347,100.00
   120.025472016,820467467,,dTLB-loads,1000467392,100.00
   120.025472016,381051,,dTLB-store-misses,1000467367,100.00
   120.025472016,418772346,,dTLB-stores,1000467288,100.00
   121.025705697,3817543,,dTLB-load-misses,1000489950,100.00
   121.025705697,820821192,,dTLB-loads,1000490029,100.00
   121.025705697,381038,,dTLB-store-misses,1000490039,100.00
   121.025705697,418938782,,dTLB-stores,1000490435,100.00
   122.025926016,3801318,,dTLB-load-misses,1000478534,100.00
   122.025926016,820278756,,dTLB-loads,1000479761,100.00
   122.025926016,380228,,dTLB-store-misses,1000480324,100.00
   122.025926016,418624612,,dTLB-stores,1000480683,100.00
   123.026177331,3812086,,dTLB-load-misses,1000497850,100.00
   123.026177331,820512557,,dTLB-loads,1000496552,100.00
   123.026177331,377739,,dTLB-store-misses,1000496354,100.00
   123.026177331,418746900,,dTLB-stores,1000495550,100.00
   124.026404314,3796438,,dTLB-load-misses,1000463026,100.00
   124.026404314,820301389,,dTLB-loads,1000462820,100.00
   124.026404314,382125,,dTLB-store-misses,1000462535,100.00
   124.026404314,418676316,,dTLB-stores,1000462528,100.00
   125.026572912,3812024,,dTLB-load-misses,1000426942,100.00
   125.026572912,820132450,,dTLB-loads,1000427817,100.00
   125.026572912,390991,,dTLB-store-misses,1000428364,100.00
   125.026572912,418553268,,dTLB-stores,1000429550,100.00
   126.026826012,4051395,,dTLB-load-misses,1000506942,100.00
   126.026826012,819765639,,dTLB-loads,1000506274,100.00
   126.026826012,417980,,dTLB-store-misses,1000505633,100.00
   126.026826012,418381143,,dTLB-stores,1000504525,100.00
   127.027045632,3999848,,dTLB-load-misses,1000472816,100.00
   127.027045632,819446865,,dTLB-loads,1000472897,100.00
   127.027045632,407017,,dTLB-store-misses,1000472842,100.00
   127.027045632,418160934,,dTLB-stores,1000472872,100.00
   128.027265583,3923249,,dTLB-load-misses,1000463181,100.00
   128.027265583,819883989,,dTLB-loads,1000462915,100.00
   128.027265583,398247,,dTLB-store-misses,1000463365,100.00
   128.027265583,418382163,,dTLB-stores,1000463425,100.00
   129.027488695,3919035,,dTLB-load-misses,1000473593,100.00
   129.027488695,819440009,,dTLB-loads,1000473786,100.00
   129.027488695,404987,,dTLB-store-misses,1000473453,100.00
   129.027488695,418124074,,dTLB-stores,1000473280,100.00
   130.027649646,3884863,,dTLB-load-misses,1000400540,100.00
   130.027649646,819672743,,dTLB-loads,1000400525,100.00
   130.027649646,403748,,dTLB-store-misses,1000400504,100.00
   130.027649646,418276304,,dTLB-stores,1000400754,100.00
   131.027842183,3835118,,dTLB-load-misses,1000446810,100.00
   131.027842183,819841641,,dTLB-loads,1000446976,100.00
   131.027842183,393155,,dTLB-store-misses,1000446832,100.00
   131.027842183,418335757,,dTLB-stores,1000446571,100.00
   132.028042449,3802633,,dTLB-load-misses,1000454454,100.00
   132.028042449,819781425,,dTLB-loads,1000454232,100.00
   132.028042449,390322,,dTLB-store-misses,1000454204,100.00
   132.028042449,418264692,,dTLB-stores,1000454240,100.00
   133.028273673,3803020,,dTLB-load-misses,1000493247,100.00
   133.028273673,819924191,,dTLB-loads,1000493301,100.00
   133.028273673,397394,,dTLB-store-misses,1000493404,100.00
   133.028273673,418389889,,dTLB-stores,1000493533,100.00
   134.028494134,3800081,,dTLB-load-misses,1000447293,100.00
   134.028494134,819199468,,dTLB-loads,1000447235,100.00
   134.028494134,398001,,dTLB-store-misses,1000447193,100.00
   134.028494134,417984056,,dTLB-stores,1000447324,100.00
   135.028666328,3816474,,dTLB-load-misses,1000435802,100.00
   135.028666328,819566394,,dTLB-loads,1000436782,100.00
   135.028666328,394817,,dTLB-store-misses,1000437298,100.00
   135.028666328,418150938,,dTLB-stores,1000438087,100.00
   136.028890813,3919911,,dTLB-load-misses,1000474651,100.00
   136.028890813,819264451,,dTLB-loads,1000473766,100.00
   136.028890813,409381,,dTLB-store-misses,1000473389,100.00
   136.028890813,418013195,,dTLB-stores,1000472427,100.00
   137.029113203,4117934,,dTLB-load-misses,1000462226,100.00
   137.029113203,818786901,,dTLB-loads,1000462428,100.00
   137.029113203,447248,,dTLB-store-misses,1000462347,100.00
   137.029113203,417748255,,dTLB-stores,1000462411,100.00
   138.029309709,3976591,,dTLB-load-misses,1000423111,100.00
   138.029309709,818899929,,dTLB-loads,1000423162,100.00
   138.029309709,426751,,dTLB-store-misses,1000423450,100.00
   138.029309709,417819120,,dTLB-stores,1000423654,100.00
   139.029481498,3937181,,dTLB-load-misses,1000407108,100.00
   139.029481498,819196989,,dTLB-loads,1000407548,100.00
   139.029481498,418835,,dTLB-store-misses,1000407786,100.00
   139.029481498,417963024,,dTLB-stores,1000408624,100.00
   140.029723809,3904949,,dTLB-load-misses,1000486527,100.00
   140.029723809,819072414,,dTLB-loads,1000485705,100.00
   140.029723809,416760,,dTLB-store-misses,1000484948,100.00
   140.029723809,417860003,,dTLB-stores,1000483700,100.00
   141.029962762,3907251,,dTLB-load-misses,1000485247,100.00
   141.029962762,819109417,,dTLB-loads,1000485399,100.00
   141.029962762,422599,,dTLB-store-misses,1000485554,100.00
   141.029962762,417905407,,dTLB-stores,1000485709,100.00
   142.030194926,3898598,,dTLB-load-misses,1000479829,100.00
   142.030194926,818971795,,dTLB-loads,1000479727,100.00
   142.030194926,423037,,dTLB-store-misses,1000479842,100.00
   142.030194926,417824113,,dTLB-stores,1000479825,100.00
   143.030428152,3849929,,dTLB-load-misses,1000453834,100.00
   143.030428152,818866975,,dTLB-loads,1000453843,100.00
   143.030428152,405650,,dTLB-store-misses,1000453825,100.00
   143.030428152,417769355,,dTLB-stores,1000453735,100.00
   144.030657471,3840514,,dTLB-load-misses,1000470940,100.00
   144.030657471,819159871,,dTLB-loads,1000470876,100.00
   144.030657471,411531,,dTLB-store-misses,1000470845,100.00
   144.030657471,417888960,,dTLB-stores,1000470860,100.00
   145.030887036,3806849,,dTLB-load-misses,1000488748,100.00
   145.030887036,818979327,,dTLB-loads,1000488952,100.00
   145.030887036,413066,,dTLB-store-misses,1000488926,100.00
   145.030887036,417795345,,dTLB-stores,1000488899,100.00
   146.031090688,3852777,,dTLB-load-misses,1000440392,100.00
   146.031090688,818738424,,dTLB-loads,1000440065,100.00
   146.031090688,414424,,dTLB-store-misses,1000439922,100.00
   146.031090688,417626893,,dTLB-stores,1000439769,100.00
   147.031322729,3937099,,dTLB-load-misses,1000473224,100.00
   147.031322729,818440764,,dTLB-loads,1000473483,100.00
   147.031322729,419989,,dTLB-store-misses,1000473584,100.00
   147.031322729,417469001,,dTLB-stores,1000473759,100.00
   148.031524783,4150693,,dTLB-load-misses,1000453042,100.00
   148.031524783,817963120,,dTLB-loads,1000452884,100.00
   148.031524783,461559,,dTLB-store-misses,1000453025,100.00
   148.031524783,417212253,,dTLB-stores,1000452913,100.00
   149.031750975,4037872,,dTLB-load-misses,1000485726,100.00
   149.031750975,818251579,,dTLB-loads,1000485792,100.00
   149.031750975,437980,,dTLB-store-misses,1000485713,100.00
   149.031750975,417363516,,dTLB-stores,1000485760,100.00
   150.031959030,3990810,,dTLB-load-misses,1000470748,100.00
   150.031959030,818245364,,dTLB-loads,1000470760,100.00
   150.031959030,426741,,dTLB-store-misses,1000470616,100.00
   150.031959030,417370071,,dTLB-stores,1000470688,100.00
   151.032168979,4043041,,dTLB-load-misses,1000455180,100.00
   151.032168979,818122346,,dTLB-loads,1000457201,100.00
   151.032168979,454725,,dTLB-store-misses,1000457105,100.00
   151.032168979,417271376,,dTLB-stores,1000456889,100.00
   152.032439391,4006441,,dTLB-load-misses,1000527575,100.00
   152.032439391,818471321,,dTLB-loads,1000525817,100.00
   152.032439391,444500,,dTLB-store-misses,1000526091,100.00
   152.032439391,417479783,,dTLB-stores,1000526502,100.00
   153.032622894,3944615,,dTLB-load-misses,1000420360,100.00
   153.032622894,818070806,,dTLB-loads,1000420853,100.00
   153.032622894,426710,,dTLB-store-misses,1000421395,100.00
   153.032622894,417249043,,dTLB-stores,1000422244,100.00
   154.032890918,3925608,,dTLB-load-misses,1000520962,100.00
   154.032890918,818339457,,dTLB-loads,1000520459,100.00
   154.032890918,436130,,dTLB-store-misses,1000520083,100.00
   154.032890918,417366797,,dTLB-stores,1000519032,100.00
   155.033125941,3909066,,dTLB-load-misses,1000495747,100.00
   155.033125941,818402330,,dTLB-loads,1000495419,100.00
   155.033125941,430824,,dTLB-store-misses,1000495571,100.00
   155.033125941,417398742,,dTLB-stores,1000495693,100.00
   156.033353332,3913834,,dTLB-load-misses,1000479944,100.00
   156.033353332,818321698,,dTLB-loads,1000480051,100.00
   156.033353332,425482,,dTLB-store-misses,1000479816,100.00
   156.033353332,417372035,,dTLB-stores,1000479938,100.00
   157.033586547,3888398,,dTLB-load-misses,1000481057,100.00
   157.033586547,818459653,,dTLB-loads,1000481074,100.00
   157.033586547,433696,,dTLB-store-misses,1000480952,100.00
   157.033586547,417428864,,dTLB-stores,1000480710,100.00
   158.033823393,3939527,,dTLB-load-misses,1000503022,100.00
   158.033823393,818131265,,dTLB-loads,1000502976,100.00
   158.033823393,440929,,dTLB-store-misses,1000503039,100.00
   158.033823393,417243248,,dTLB-stores,1000503253,100.00
   159.034039637,4050623,,dTLB-load-misses,1000475753,100.00
   159.034039637,817985526,,dTLB-loads,1000475958,100.00
   159.034039637,452452,,dTLB-store-misses,1000475982,100.00
   159.034039637,417174971,,dTLB-stores,1000476025,100.00
   160.034257154,4262568,,dTLB-load-misses,1000467021,100.00
   160.034257154,817007139,,dTLB-loads,1000466992,100.00
   160.034257154,491668,,dTLB-store-misses,1000466972,100.00
   160.034257154,416628522,,dTLB-stores,1000466753,100.00
   161.034479303,4086895,,dTLB-load-misses,1000470310,100.00
   161.034479303,817586424,,dTLB-loads,1000470187,100.00
   161.034479303,459468,,dTLB-store-misses,1000470092,100.00
   161.034479303,416942630,,dTLB-stores,1000470219,100.00
   162.034655568,3985885,,dTLB-load-misses,1000415501,100.00
   162.034655568,817562581,,dTLB-loads,1000416343,100.00
   162.034655568,445550,,dTLB-store-misses,1000417062,100.00
   162.034655568,416924448,,dTLB-stores,1000417746,100.00
   163.034908583,4007809,,dTLB-load-misses,1000486113,100.00
   163.034908583,817381962,,dTLB-loads,1000485199,100.00
   163.034908583,470288,,dTLB-store-misses,1000484498,100.00
   163.034908583,416817167,,dTLB-stores,1000483691,100.00
   164.035128600,3926713,,dTLB-load-misses,1000477761,100.00
   164.035128600,817647312,,dTLB-loads,1000477894,100.00
   164.035128600,438594,,dTLB-store-misses,1000477944,100.00
   164.035128600,416927993,,dTLB-stores,1000478254,100.00
   165.035306517,3908643,,dTLB-load-misses,1000404659,100.00
   165.035306517,817726509,,dTLB-loads,1000405731,100.00
   165.035306517,444578,,dTLB-store-misses,1000406899,100.00
   165.035306517,417003919,,dTLB-stores,1000407496,100.00
   166.035549075,3867622,,dTLB-load-misses,1000500449,100.00
   166.035549075,817977477,,dTLB-loads,1000499201,100.00
   166.035549075,441107,,dTLB-store-misses,1000497958,100.00
   166.035549075,417090671,,dTLB-stores,1000497061,100.00
   167.035744302,3829649,,dTLB-load-misses,1000454810,100.00
   167.035744302,818075187,,dTLB-loads,1000454937,100.00
   167.035744302,429000,,dTLB-store-misses,1000454895,100.00
   167.035744302,417150789,,dTLB-stores,1000454857,100.00
   168.035939213,3831413,,dTLB-load-misses,1000423563,100.00
   168.035939213,817444667,,dTLB-loads,1000423428,100.00
   168.035939213,443343,,dTLB-store-misses,1000423600,100.00
   168.035939213,416797527,,dTLB-stores,1000423743,100.00
   169.036134051,3831793,,dTLB-load-misses,1000448077,100.00
   169.036134051,817669424,,dTLB-loads,1000448141,100.00
   169.036134051,436477,,dTLB-store-misses,1000448120,100.00
   169.036134051,416907307,,dTLB-stores,1000448021,100.00
   170.036352603,3839370,,dTLB-load-misses,1000466426,100.00
   170.036352603,817846293,,dTLB-loads,1000466361,100.00
   170.036352603,442506,,dTLB-store-misses,1000466224,100.00
   170.036352603,416995739,,dTLB-stores,1000466333,100.00
   171.036572571,3857126,,dTLB-load-misses,1000468839,100.00
   171.036572571,817567064,,dTLB-loads,1000468958,100.00
   171.036572571,445549,,dTLB-store-misses,1000469285,100.00
   171.036572571,416822759,,dTLB-stores,1000469123,100.00
   172.036800877,3961423,,dTLB-load-misses,1000485548,100.00
   172.036800877,817547694,,dTLB-loads,1000485528,100.00
   172.036800877,445850,,dTLB-store-misses,1000485436,100.00
   172.036800877,416865066,,dTLB-stores,1000485383,100.00
   173.036978220,4178365,,dTLB-load-misses,1000430390,100.00
   173.036978220,816783184,,dTLB-loads,1000431197,100.00
   173.036978220,488309,,dTLB-store-misses,1000430971,100.00
   173.036978220,416420188,,dTLB-stores,1000430962,100.00
   174.037208740,4060623,,dTLB-load-misses,1000470968,100.00
   174.037208740,816591651,,dTLB-loads,1000470104,100.00
   174.037208740,465638,,dTLB-store-misses,1000470238,100.00
   174.037208740,416315212,,dTLB-stores,1000470375,100.00
   175.037406169,4027578,,dTLB-load-misses,1000459584,100.00
   175.037406169,817084195,,dTLB-loads,1000459521,100.00
   175.037406169,465473,,dTLB-store-misses,1000459279,100.00
   175.037406169,416596004,,dTLB-stores,1000459106,100.00
   176.037643152,3952892,,dTLB-load-misses,1000509556,100.00
   176.037643152,817216447,,dTLB-loads,1000509843,100.00
   176.037643152,463003,,dTLB-store-misses,1000510055,100.00
   176.037643152,416648280,,dTLB-stores,1000510218,100.00
   177.037862724,3921968,,dTLB-load-misses,1000456197,100.00
   177.037862724,816751127,,dTLB-loads,1000456133,100.00
   177.037862724,453776,,dTLB-store-misses,1000456111,100.00
   177.037862724,416378520,,dTLB-stores,1000456176,100.00
   178.038089714,3894482,,dTLB-load-misses,1000485047,100.00
   178.038089714,816761693,,dTLB-loads,1000485110,100.00
   178.038089714,460517,,dTLB-store-misses,1000485331,100.00
   178.038089714,416387919,,dTLB-stores,1000485636,100.00
   179.038262674,3875634,,dTLB-load-misses,1000418809,100.00
   179.038262674,817077311,,dTLB-loads,1000419641,100.00
   179.038262674,447249,,dTLB-store-misses,1000419974,100.00
   179.038262674,416530601,,dTLB-stores,1000420713,100.00
   180.038535566,3907128,,dTLB-load-misses,1000508902,100.00
   180.038535566,816824204,,dTLB-loads,1000508011,100.00
   180.038535566,457106,,dTLB-store-misses,1000507584,100.00
   180.038535566,416398412,,dTLB-stores,1000506371,100.00
   181.038753150,3864977,,dTLB-load-misses,1000475602,100.00
   181.038753150,816098911,,dTLB-loads,1000475857,100.00
   181.038753150,453464,,dTLB-store-misses,1000475679,100.00
   181.038753150,416006500,,dTLB-stores,1000475749,100.00
   182.038947053,3822374,,dTLB-load-misses,1000465992,100.00
   182.038947053,817423228,,dTLB-loads,1000465891,100.00
   182.038947053,451415,,dTLB-store-misses,1000465915,100.00
   182.038947053,416716606,,dTLB-stores,1000465805,100.00
   183.039162296,3825017,,dTLB-load-misses,1000456884,100.00
   183.039162296,817271583,,dTLB-loads,1000456680,100.00
   183.039162296,456792,,dTLB-store-misses,1000456744,100.00
   183.039162296,416633919,,dTLB-stores,1000456790,100.00
   184.039318692,3824061,,dTLB-load-misses,1000416796,100.00
   184.039318692,817159416,,dTLB-loads,1000416839,100.00
   184.039318692,451236,,dTLB-store-misses,1000416814,100.00
   184.039318692,416553868,,dTLB-stores,1000416904,100.00
   185.039556305,3839916,,dTLB-load-misses,1000484168,100.00
   185.039556305,816957479,,dTLB-loads,1000484078,100.00
   185.039556305,460332,,dTLB-store-misses,1000484141,100.00
   185.039556305,416459838,,dTLB-stores,1000484118,100.00
   186.039756315,3939358,,dTLB-load-misses,1000471125,100.00
   186.039756315,816703288,,dTLB-loads,1000471148,100.00
   186.039756315,456102,,dTLB-store-misses,1000471089,100.00
   186.039756315,416333601,,dTLB-stores,1000471095,100.00
   187.039955440,4160416,,dTLB-load-misses,1000471694,100.00
   187.039955440,815792349,,dTLB-loads,1000471482,100.00
   187.039955440,501871,,dTLB-store-misses,1000471624,100.00
   187.039955440,415836383,,dTLB-stores,1000471787,100.00
   188.040215192,4037727,,dTLB-load-misses,1000509142,100.00
   188.040215192,816072776,,dTLB-loads,1000509395,100.00
   188.040215192,469964,,dTLB-store-misses,1000509697,100.00
   188.040215192,415932474,,dTLB-stores,1000509696,100.00
   189.040410777,3994648,,dTLB-load-misses,1000442739,100.00
   189.040410777,816374450,,dTLB-loads,1000442496,100.00
   189.040410777,480171,,dTLB-store-misses,1000442137,100.00
   189.040410777,416123240,,dTLB-stores,1000441871,100.00
   190.040610517,3983647,,dTLB-load-misses,1000439145,100.00
   190.040610517,816198600,,dTLB-loads,1000439437,100.00
   190.040610517,478791,,dTLB-store-misses,1000439225,100.00
   190.040610517,416032044,,dTLB-stores,1000439279,100.00
   191.040782618,3987982,,dTLB-load-misses,1000415520,100.00
   191.040782618,815991625,,dTLB-loads,1000416489,100.00
   191.040782618,484402,,dTLB-store-misses,1000417385,100.00
   191.040782618,415908341,,dTLB-stores,1000418304,100.00
   192.041046913,4012905,,dTLB-load-misses,1000532882,100.00
   192.041046913,815953089,,dTLB-loads,1000531887,100.00
   192.041046913,491877,,dTLB-store-misses,1000531191,100.00
   192.041046913,415897923,,dTLB-stores,1000530400,100.00
   193.041267228,3977854,,dTLB-load-misses,1000475662,100.00
   193.041267228,816403839,,dTLB-loads,1000475571,100.00
   193.041267228,486150,,dTLB-store-misses,1000475649,100.00
   193.041267228,416139234,,dTLB-stores,1000475540,100.00
   194.041492057,3916004,,dTLB-load-misses,1000481710,100.00
   194.041492057,816175026,,dTLB-loads,1000481699,100.00
   194.041492057,470363,,dTLB-store-misses,1000481704,100.00
   194.041492057,415969182,,dTLB-stores,1000481727,100.00
   195.041711294,3864829,,dTLB-load-misses,1000473622,100.00
   195.041711294,816005770,,dTLB-loads,1000473736,100.00
   195.041711294,462480,,dTLB-store-misses,1000473457,100.00
   195.041711294,415892330,,dTLB-stores,1000473452,100.00
   196.041911327,3854953,,dTLB-load-misses,1000449414,100.00
   196.041911327,816345634,,dTLB-loads,1000449107,100.00
   196.041911327,467511,,dTLB-store-misses,1000449383,100.00
   196.041911327,416038031,,dTLB-stores,1000449344,100.00
   197.042071622,3887320,,dTLB-load-misses,1000401994,100.00
   197.042071622,815973089,,dTLB-loads,1000402061,100.00
   197.042071622,467284,,dTLB-store-misses,1000401826,100.00
   197.042071622,415858081,,dTLB-stores,1000401646,100.00
   198.042229658,3917160,,dTLB-load-misses,1000414580,100.00
   198.042229658,816238559,,dTLB-loads,1000414816,100.00
   198.042229658,482382,,dTLB-store-misses,1000414838,100.00
   198.042229658,415968682,,dTLB-stores,1000415015,100.00
   199.042445500,3874941,,dTLB-load-misses,1000452617,100.00
   199.042445500,816349352,,dTLB-loads,1000452572,100.00
   199.042445500,465447,,dTLB-store-misses,1000452540,100.00
   199.042445500,416076935,,dTLB-stores,1000452555,100.00
   200.042673741,3876813,,dTLB-load-misses,1000482689,100.00
   200.042673741,816329673,,dTLB-loads,1000482757,100.00
   200.042673741,473510,,dTLB-store-misses,1000482919,100.00
   200.042673741,416026663,,dTLB-stores,1000483241,100.00
   201.042842576,3977706,,dTLB-load-misses,1000399142,100.00
   201.042842576,815851331,,dTLB-loads,1000399958,100.00
   201.042842576,480624,,dTLB-store-misses,1000400601,100.00
   201.042842576,415765342,,dTLB-stores,1000401063,100.00
   202.043064441,4138072,,dTLB-load-misses,1000463278,100.00
   202.043064441,812798698,,dTLB-loads,1000462502,100.00
   202.043064441,509344,,dTLB-store-misses,1000461565,100.00
   202.043064441,414235515,,dTLB-stores,1000460644,100.00
   203.043308889,4102012,,dTLB-load-misses,1000471328,100.00
   203.043308889,812442303,,dTLB-loads,1000471127,100.00
   203.043308889,489306,,dTLB-store-misses,1000471238,100.00
   203.043308889,414068810,,dTLB-stores,1000471580,100.00
   204.043546569,4027653,,dTLB-load-misses,1000488605,100.00
   204.043546569,810722716,,dTLB-loads,1000488526,100.00
   204.043546569,489169,,dTLB-store-misses,1000488453,100.00
   204.043546569,413196920,,dTLB-stores,1000488212,100.00
   205.043715679,3992236,,dTLB-load-misses,1000403474,100.00
   205.043715679,811704028,,dTLB-loads,1000404222,100.00
   205.043715679,480175,,dTLB-store-misses,1000404811,100.00
   205.043715679,413713382,,dTLB-stores,1000405421,100.00
   206.043994561,3993875,,dTLB-load-misses,1000530152,100.00
   206.043994561,813231963,,dTLB-loads,1000529913,100.00
   206.043994561,492468,,dTLB-store-misses,1000529386,100.00
   206.043994561,414432286,,dTLB-stores,1000528866,100.00
   207.044231520,3956866,,dTLB-load-misses,1000485305,100.00
   207.044231520,813179861,,dTLB-loads,1000484824,100.00
   207.044231520,483638,,dTLB-store-misses,1000485093,100.00
   207.044231520,414402361,,dTLB-stores,1000485137,100.00
   208.044462158,3946830,,dTLB-load-misses,1000480003,100.00
   208.044462158,812603736,,dTLB-loads,1000480161,100.00
   208.044462158,483738,,dTLB-store-misses,1000479817,100.00
   208.044462158,414112882,,dTLB-stores,1000479637,100.00
   209.044650490,3915231,,dTLB-load-misses,1000442881,100.00
   209.044650490,810716295,,dTLB-loads,1000443557,100.00
   209.044650490,475546,,dTLB-store-misses,1000444563,100.00
   209.044650490,413147623,,dTLB-stores,1000445541,100.00
   210.044885004,3914242,,dTLB-load-misses,1000486409,100.00
   210.044885004,809581791,,dTLB-loads,1000485730,100.00
   210.044885004,481992,,dTLB-store-misses,1000484944,100.00
   210.044885004,412567285,,dTLB-stores,1000484062,100.00
   211.045057109,3895898,,dTLB-load-misses,1000400431,100.00
   211.045057109,809741229,,dTLB-loads,1000400933,100.00
   211.045057109,478032,,dTLB-store-misses,1000401431,100.00
   211.045057109,412627627,,dTLB-stores,1000402416,100.00
   212.045307954,3849530,,dTLB-load-misses,1000491400,100.00
   212.045307954,809708095,,dTLB-loads,1000490668,100.00
   212.045307954,472346,,dTLB-store-misses,1000490180,100.00
   212.045307954,412633684,,dTLB-stores,1000489255,100.00
   213.045524367,3873186,,dTLB-load-misses,1000441639,100.00
   213.045524367,809586338,,dTLB-loads,1000441866,100.00
   213.045524367,478410,,dTLB-store-misses,1000442015,100.00
   213.045524367,412528781,,dTLB-stores,1000442002,100.00
   214.045740182,3871797,,dTLB-load-misses,1000456487,100.00
   214.045740182,809834132,,dTLB-loads,1000456862,100.00
   214.045740182,474778,,dTLB-store-misses,1000456684,100.00
   214.045740182,412686107,,dTLB-stores,1000456608,100.00
   215.045969104,3864814,,dTLB-load-misses,1000483209,100.00
   215.045969104,809727053,,dTLB-loads,1000483032,100.00
   215.045969104,478550,,dTLB-store-misses,1000483356,100.00
   215.045969104,412606330,,dTLB-stores,1000483529,100.00
   216.046191103,3864462,,dTLB-load-misses,1000473697,100.00
   216.046191103,809746214,,dTLB-loads,1000473541,100.00
   216.046191103,469054,,dTLB-store-misses,1000473505,100.00
   216.046191103,412627839,,dTLB-stores,1000473404,100.00
   217.046414034,3877537,,dTLB-load-misses,1000456189,100.00
   217.046414034,809831767,,dTLB-loads,1000456022,100.00
   217.046414034,486284,,dTLB-store-misses,1000455605,100.00
   217.046414034,412685351,,dTLB-stores,1000455611,100.00
   218.046650806,3945347,,dTLB-load-misses,1000499417,100.00
   218.046650806,809246731,,dTLB-loads,1000499742,100.00
   218.046650806,481965,,dTLB-store-misses,1000500049,100.00
   218.046650806,412344799,,dTLB-stores,1000500114,100.00
   219.046854058,4163651,,dTLB-load-misses,1000439180,100.00
   219.046854058,808432245,,dTLB-loads,1000439479,100.00
   219.046854058,516202,,dTLB-store-misses,1000440055,100.00
   219.046854058,411916357,,dTLB-stores,1000440834,100.00
   220.047111643,4147840,,dTLB-load-misses,1000506593,100.00
   220.047111643,808294481,,dTLB-loads,1000506031,100.00
   220.047111643,506474,,dTLB-store-misses,1000505346,100.00
   220.047111643,411860714,,dTLB-stores,1000504504,100.00
   221.047369030,4027226,,dTLB-load-misses,1000512002,100.00
   221.047369030,809478454,,dTLB-loads,1000512221,100.00
   221.047369030,501261,,dTLB-store-misses,1000512221,100.00
   221.047369030,412455737,,dTLB-stores,1000512089,100.00
   222.047596146,3985850,,dTLB-load-misses,1000491070,100.00
   222.047596146,810690847,,dTLB-loads,1000490698,100.00
   222.047596146,494613,,dTLB-store-misses,1000490626,100.00
   222.047596146,413079965,,dTLB-stores,1000490631,100.00
   223.047790943,3953144,,dTLB-load-misses,1000442109,100.00
   223.047790943,810377313,,dTLB-loads,1000442155,100.00
   223.047790943,487800,,dTLB-store-misses,1000442072,100.00
   223.047790943,412895947,,dTLB-stores,1000442117,100.00
   224.047962780,3960518,,dTLB-load-misses,1000430870,100.00
   224.047962780,810309757,,dTLB-loads,1000432031,100.00
   224.047962780,501923,,dTLB-store-misses,1000432545,100.00
   224.047962780,412862828,,dTLB-stores,1000433719,100.00
   225.048189955,3914878,,dTLB-load-misses,1000455391,100.00
   225.048189955,808999999,,dTLB-loads,1000454233,100.00
   225.048189955,484278,,dTLB-store-misses,1000453944,100.00
   225.048189955,412165973,,dTLB-stores,1000452822,100.00
   226.048398166,3888809,,dTLB-load-misses,1000467825,100.00
   226.048398166,808806707,,dTLB-loads,1000467755,100.00
   226.048398166,493258,,dTLB-store-misses,1000467495,100.00
   226.048398166,412051796,,dTLB-stores,1000467369,100.00
   227.048624974,3933701,,dTLB-load-misses,1000489859,100.00
   227.048624974,809939289,,dTLB-loads,1000490125,100.00
   227.048624974,499569,,dTLB-store-misses,1000490111,100.00
   227.048624974,412634747,,dTLB-stores,1000490221,100.00
   228.048827931,3898257,,dTLB-load-misses,1000449202,100.00
   228.048827931,811865486,,dTLB-loads,1000448965,100.00
   228.048827931,499352,,dTLB-store-misses,1000449054,100.00
   228.048827931,413618163,,dTLB-stores,1000449095,100.00
   229.049063267,3883110,,dTLB-load-misses,1000489136,100.00
   229.049063267,814745713,,dTLB-loads,1000489331,100.00
   229.049063267,492552,,dTLB-store-misses,1000489288,100.00
   229.049063267,415058943,,dTLB-stores,1000489156,100.00
   230.049256996,3830531,,dTLB-load-misses,1000456561,100.00
   230.049256996,812333860,,dTLB-loads,1000456590,100.00
   230.049256996,482271,,dTLB-store-misses,1000456434,100.00
   230.049256996,413883011,,dTLB-stores,1000456334,100.00
   231.049456695,3830079,,dTLB-load-misses,1000445270,100.00
   231.049456695,810979997,,dTLB-loads,1000444990,100.00
   231.049456695,492551,,dTLB-store-misses,1000445066,100.00
   231.049456695,413189203,,dTLB-stores,1000445093,100.00
   232.049653211,3831406,,dTLB-load-misses,1000352501,100.00
   232.049653211,815573095,,dTLB-loads,1000352592,100.00
   232.049653211,480925,,dTLB-store-misses,1000352712,100.00
   232.049653211,415441703,,dTLB-stores,1000352913,100.00
   233.049853966,3845138,,dTLB-load-misses,1000442566,100.00
   233.049853966,814943622,,dTLB-loads,1000443129,100.00
   233.049853966,490761,,dTLB-store-misses,1000443251,100.00
   233.049853966,415113826,,dTLB-stores,1000443380,100.00
   234.050081493,3819173,,dTLB-load-misses,1000472421,100.00
   234.050081493,806418952,,dTLB-loads,1000471882,100.00
   234.050081493,477939,,dTLB-store-misses,1000471747,100.00
   234.050081493,410880222,,dTLB-stores,1000471512,100.00
   235.050303232,3834710,,dTLB-load-misses,1000476420,100.00
   235.050303232,805283174,,dTLB-loads,1000476616,100.00
   235.050303232,484391,,dTLB-store-misses,1000476627,100.00
   235.050303232,410268139,,dTLB-stores,1000476814,100.00
   236.050527589,3874871,,dTLB-load-misses,1000479174,100.00
   236.050527589,804725216,,dTLB-loads,1000479214,100.00
   236.050527589,488737,,dTLB-store-misses,1000479498,100.00
   236.050527589,409932962,,dTLB-stores,1000479461,100.00
   237.050722422,3991950,,dTLB-load-misses,1000445454,100.00
   237.050722422,807553298,,dTLB-loads,1000445311,100.00
   237.050722422,496475,,dTLB-store-misses,1000445100,100.00
   237.050722422,411402463,,dTLB-stores,1000444873,100.00
   238.050950987,4220349,,dTLB-load-misses,1000501849,100.00
   238.050950987,807183061,,dTLB-loads,1000501680,100.00
   238.050950987,545466,,dTLB-store-misses,1000501592,100.00
   238.050950987,411207515,,dTLB-stores,1000501808,100.00
   239.051185029,4223199,,dTLB-load-misses,1000501760,100.00
   239.051185029,805639407,,dTLB-loads,1000502013,100.00
   239.051185029,530960,,dTLB-store-misses,1000502579,100.00
   239.051185029,410426335,,dTLB-stores,1000502737,100.00
   240.051464781,4108318,,dTLB-load-misses,1000517691,100.00
   240.051464781,805912705,,dTLB-loads,1000517668,100.00
   240.051464781,519034,,dTLB-store-misses,1000517281,100.00
   240.051464781,410579880,,dTLB-stores,1000517096,100.00
   241.051668562,4078662,,dTLB-load-misses,1000452797,100.00
   241.051668562,805320562,,dTLB-loads,1000452826,100.00
   241.051668562,516434,,dTLB-store-misses,1000452727,100.00
   241.051668562,410232336,,dTLB-stores,1000452725,100.00
   242.051904737,4054970,,dTLB-load-misses,1000478639,100.00
   242.051904737,808650632,,dTLB-loads,1000478697,100.00
   242.051904737,508132,,dTLB-store-misses,1000478649,100.00
   242.051904737,411905125,,dTLB-stores,1000478858,100.00
   243.052145514,4051153,,dTLB-load-misses,1000507463,100.00
   243.052145514,813684361,,dTLB-loads,1000507245,100.00
   243.052145514,530010,,dTLB-store-misses,1000507668,100.00
   243.052145514,414468987,,dTLB-stores,1000507381,100.00
   244.052369828,3959150,,dTLB-load-misses,1000497462,100.00
   244.052369828,814241308,,dTLB-loads,1000497635,100.00
   244.052369828,504876,,dTLB-store-misses,1000497162,100.00
   244.052369828,414713437,,dTLB-stores,1000497227,100.00
   245.052569068,3943594,,dTLB-load-misses,1000449005,100.00
   245.052569068,814167152,,dTLB-loads,1000448777,100.00
   245.052569068,501989,,dTLB-store-misses,1000448771,100.00
   245.052569068,414692803,,dTLB-stores,1000448651,100.00
   246.052798179,3933232,,dTLB-load-misses,1000493648,100.00
   246.052798179,814519678,,dTLB-loads,1000493863,100.00
   246.052798179,513142,,dTLB-store-misses,1000493836,100.00
   246.052798179,414880518,,dTLB-stores,1000493894,100.00
   247.052992439,3903653,,dTLB-load-misses,1000452970,100.00
   247.052992439,814284396,,dTLB-loads,1000452888,100.00
   247.052992439,499349,,dTLB-store-misses,1000453008,100.00
   247.052992439,414704187,,dTLB-stores,1000452946,100.00
   248.053189249,3887519,,dTLB-load-misses,1000465420,100.00
   248.053189249,813968478,,dTLB-loads,1000465345,100.00
   248.053189249,502211,,dTLB-store-misses,1000465154,100.00
   248.053189249,414538675,,dTLB-stores,1000465200,100.00
   249.053417521,3872835,,dTLB-load-misses,1000470862,100.00
   249.053417521,814012930,,dTLB-loads,1000471000,100.00
   249.053417521,500358,,dTLB-store-misses,1000471210,100.00
   249.053417521,414565530,,dTLB-stores,1000471225,100.00
   250.053613072,3849874,,dTLB-load-misses,1000453581,100.00
   250.053613072,814323867,,dTLB-loads,1000453459,100.00
   250.053613072,491534,,dTLB-store-misses,1000453145,100.00
   250.053613072,414741881,,dTLB-stores,1000453152,100.00
   251.053834711,3856830,,dTLB-load-misses,1000486996,100.00
   251.053834711,814457895,,dTLB-loads,1000487118,100.00
   251.053834711,504683,,dTLB-store-misses,1000487184,100.00
   251.053834711,414795395,,dTLB-stores,1000487195,100.00
   252.054054941,3844717,,dTLB-load-misses,1000486066,100.00
   252.054054941,814261679,,dTLB-loads,1000485982,100.00
   252.054054941,495925,,dTLB-store-misses,1000486217,100.00
   252.054054941,414704396,,dTLB-stores,1000486261,100.00
   253.054252429,3831651,,dTLB-load-misses,1000461788,100.00
   253.054252429,814190970,,dTLB-loads,1000462661,100.00
   253.054252429,499252,,dTLB-store-misses,1000462630,100.00
   253.054252429,414623640,,dTLB-stores,1000462563,100.00
   254.054484380,3835394,,dTLB-load-misses,1000493944,100.00
   254.054484380,813915288,,dTLB-loads,1000493872,100.00
   254.054484380,506368,,dTLB-store-misses,1000494049,100.00
   254.054484380,414494276,,dTLB-stores,1000494098,100.00
   255.054702806,3846828,,dTLB-load-misses,1000471169,100.00
   255.054702806,814335587,,dTLB-loads,1000471390,100.00
   255.054702806,496876,,dTLB-store-misses,1000471148,100.00
   255.054702806,414704441,,dTLB-stores,1000471091,100.00
   256.054926828,3867155,,dTLB-load-misses,1000487957,100.00
   256.054926828,814039964,,dTLB-loads,1000487610,100.00
   256.054926828,508525,,dTLB-store-misses,1000487593,100.00
   256.054926828,414540741,,dTLB-stores,1000487670,100.00
   257.055152979,3883955,,dTLB-load-misses,1000495542,100.00
   257.055152979,813918950,,dTLB-loads,1000495737,100.00
   257.055152979,509451,,dTLB-store-misses,1000495777,100.00
   257.055152979,414476488,,dTLB-stores,1000495730,100.00
   258.055410024,4028777,,dTLB-load-misses,1000528880,100.00
   258.055410024,813894512,,dTLB-loads,1000527893,100.00
   258.055410024,519328,,dTLB-store-misses,1000528033,100.00
   258.055410024,414449497,,dTLB-stores,1000528135,100.00
   259.055607190,4273676,,dTLB-load-misses,1000446825,100.00
   259.055607190,812770095,,dTLB-loads,1000446715,100.00
   259.055607190,563689,,dTLB-store-misses,1000446523,100.00
   259.055607190,413900153,,dTLB-stores,1000446563,100.00
   260.055837071,4277677,,dTLB-load-misses,1000495694,100.00
   260.055837071,812664090,,dTLB-loads,1000496049,100.00
   260.055837071,545876,,dTLB-store-misses,1000496182,100.00
   260.055837071,413823391,,dTLB-stores,1000496177,100.00
   261.056018784,4217100,,dTLB-load-misses,1000426589,100.00
   261.056018784,812721255,,dTLB-loads,1000427145,100.00
   261.056018784,540909,,dTLB-store-misses,1000427717,100.00
   261.056018784,413858262,,dTLB-stores,1000428542,100.00
   262.056184083,4170583,,dTLB-load-misses,1000402538,100.00
   262.056184083,812928572,,dTLB-loads,1000401705,100.00
   262.056184083,546189,,dTLB-store-misses,1000400908,100.00
   262.056184083,413967431,,dTLB-stores,1000399910,100.00
   263.056409957,4093087,,dTLB-load-misses,1000487641,100.00
   263.056409957,813224714,,dTLB-loads,1000487693,100.00
   263.056409957,532716,,dTLB-store-misses,1000487862,100.00
   263.056409957,414107410,,dTLB-stores,1000487897,100.00
   264.056632892,4125906,,dTLB-load-misses,1000487687,100.00
   264.056632892,812904527,,dTLB-loads,1000487592,100.00
   264.056632892,540829,,dTLB-store-misses,1000488092,100.00
   264.056632892,413956379,,dTLB-stores,1000488162,100.00
   265.056852589,4073666,,dTLB-load-misses,1000476596,100.00
   265.056852589,813471984,,dTLB-loads,1000476755,100.00
   265.056852589,541344,,dTLB-store-misses,1000476210,100.00
   265.056852589,414235373,,dTLB-stores,1000476275,100.00
   266.057058093,4055248,,dTLB-load-misses,1000490913,100.00
   266.057058093,813049649,,dTLB-loads,1000491060,100.00
   266.057058093,530048,,dTLB-store-misses,1000491155,100.00
   266.057058093,413973567,,dTLB-stores,1000491282,100.00
   267.057285126,4087575,,dTLB-load-misses,1000483839,100.00
   267.057285126,812978366,,dTLB-loads,1000483687,100.00
   267.057285126,536926,,dTLB-store-misses,1000483487,100.00
   267.057285126,413943501,,dTLB-stores,1000483293,100.00
   268.057476066,4072465,,dTLB-load-misses,1000452968,100.00
   268.057476066,813130326,,dTLB-loads,1000452824,100.00
   268.057476066,546170,,dTLB-store-misses,1000452717,100.00
   268.057476066,414027752,,dTLB-stores,1000452602,100.00
   269.057646928,4075779,,dTLB-load-misses,1000434263,100.00
   269.057646928,812924883,,dTLB-loads,1000435296,100.00
   269.057646928,540634,,dTLB-store-misses,1000435952,100.00
   269.057646928,413934652,,dTLB-stores,1000436893,100.00
   270.057898060,4028996,,dTLB-load-misses,1000511146,100.00
   270.057898060,813259266,,dTLB-loads,1000510534,100.00
   270.057898060,531533,,dTLB-store-misses,1000510030,100.00
   270.057898060,414084626,,dTLB-stores,1000509511,100.00
   271.058070223,3986826,,dTLB-load-misses,1000421138,100.00
   271.058070223,813169562,,dTLB-loads,1000421820,100.00
   271.058070223,529930,,dTLB-store-misses,1000422567,100.00
   271.058070223,414017325,,dTLB-stores,1000422748,100.00
   272.058321314,3971071,,dTLB-load-misses,1000502552,100.00
   272.058321314,813192980,,dTLB-loads,1000501463,100.00
   272.058321314,520257,,dTLB-store-misses,1000500891,100.00
   272.058321314,414051574,,dTLB-stores,1000500362,100.00
   273.058543863,3928329,,dTLB-load-misses,1000482745,100.00
   273.058543863,813017216,,dTLB-loads,1000483081,100.00
   273.058543863,517568,,dTLB-store-misses,1000483031,100.00
   273.058543863,413963163,,dTLB-stores,1000483075,100.00
   274.058716025,3916522,,dTLB-load-misses,1000425675,100.00
   274.058716025,813342969,,dTLB-loads,1000426511,100.00
   274.058716025,521514,,dTLB-store-misses,1000427241,100.00
   274.058716025,414099382,,dTLB-stores,1000428209,100.00
   275.058944928,3919658,,dTLB-load-misses,1000486426,100.00
   275.058944928,813160196,,dTLB-loads,1000485305,100.00
   275.058944928,518959,,dTLB-store-misses,1000484438,100.00
   275.058944928,414049406,,dTLB-stores,1000483479,100.00
   276.059171480,3896152,,dTLB-load-misses,1000466454,100.00
   276.059171480,813034358,,dTLB-loads,1000466441,100.00
   276.059171480,518400,,dTLB-store-misses,1000466517,100.00
   276.059171480,413949091,,dTLB-stores,1000466462,100.00
   277.059420221,3935906,,dTLB-load-misses,1000518877,100.00
   277.059420221,812924954,,dTLB-loads,1000518983,100.00
   277.059420221,530258,,dTLB-store-misses,1000518938,100.00
   277.059420221,413873562,,dTLB-stores,1000518988,100.00
   278.059635214,3903937,,dTLB-load-misses,1000462233,100.00
   278.059635214,813230838,,dTLB-loads,1000462489,100.00
   278.059635214,520587,,dTLB-store-misses,1000462633,100.00
   278.059635214,414044550,,dTLB-stores,1000462556,100.00
   279.059830018,3889274,,dTLB-load-misses,1000456019,100.00
   279.059830018,813509268,,dTLB-loads,1000455743,100.00
   279.059830018,516515,,dTLB-store-misses,1000455506,100.00
   279.059830018,414197994,,dTLB-stores,1000455436,100.00
   280.060051710,3867573,,dTLB-load-misses,1000498654,100.00
   280.060051710,813338711,,dTLB-loads,1000498682,100.00
   280.060051710,526456,,dTLB-store-misses,1000499039,100.00
   280.060051710,414104882,,dTLB-stores,1000499209,100.00
   281.060276685,3893751,,dTLB-load-misses,1000457584,100.00
   281.060276685,813055788,,dTLB-loads,1000457637,100.00
   281.060276685,527578,,dTLB-store-misses,1000457434,100.00
   281.060276685,413939007,,dTLB-stores,1000457286,100.00
   282.060508070,4116717,,dTLB-load-misses,1000477803,100.00
   282.060508070,812568725,,dTLB-loads,1000477679,100.00
   282.060508070,548325,,dTLB-store-misses,1000477912,100.00
   282.060508070,413678327,,dTLB-stores,1000477952,100.00
   283.060714383,4267770,,dTLB-load-misses,1000460511,100.00
   283.060714383,811838488,,dTLB-loads,1000460814,100.00
   283.060714383,574171,,dTLB-store-misses,1000460666,100.00
   283.060714383,413290130,,dTLB-stores,1000460781,100.00
   284.060933759,4388133,,dTLB-load-misses,1000476352,100.00
   284.060933759,811728457,,dTLB-loads,1000476228,100.00
   284.060933759,585227,,dTLB-store-misses,1000476136,100.00
   284.060933759,413267419,,dTLB-stores,1000476205,100.00
   285.061131701,4294963,,dTLB-load-misses,1000435241,100.00
   285.061131701,812234977,,dTLB-loads,1000435037,100.00
   285.061131701,559627,,dTLB-store-misses,1000435159,100.00
   285.061131701,413523613,,dTLB-stores,1000435005,100.00
   286.061328812,4168809,,dTLB-load-misses,1000464262,100.00
   286.061328812,812202133,,dTLB-loads,1000464260,100.00
   286.061328812,545899,,dTLB-store-misses,1000464093,100.00
   286.061328812,413491130,,dTLB-stores,1000463979,100.00
   287.061529604,4135562,,dTLB-load-misses,1000459410,100.00
   287.061529604,812575044,,dTLB-loads,1000459807,100.00
   287.061529604,548887,,dTLB-store-misses,1000459847,100.00
   287.061529604,413682168,,dTLB-stores,1000459968,100.00
   288.061751631,4131570,,dTLB-load-misses,1000476892,100.00
   288.061751631,812635053,,dTLB-loads,1000476741,100.00
   288.061751631,544074,,dTLB-store-misses,1000476737,100.00
   288.061751631,413723531,,dTLB-stores,1000476896,100.00
   289.061971330,4107014,,dTLB-load-misses,1000478856,100.00
   289.061971330,812409466,,dTLB-loads,1000478715,100.00
   289.061971330,542978,,dTLB-store-misses,1000479033,100.00
   289.061971330,413569855,,dTLB-stores,1000478958,100.00
   290.062194084,4102242,,dTLB-load-misses,1000479074,100.00
   290.062194084,812615437,,dTLB-loads,1000479127,100.00
   290.062194084,550062,,dTLB-store-misses,1000478820,100.00
   290.062194084,413672129,,dTLB-stores,1000478867,100.00
   291.062421580,4063730,,dTLB-load-misses,1000452185,100.00
   291.062421580,812577627,,dTLB-loads,1000452148,100.00
   291.062421580,547320,,dTLB-store-misses,1000452150,100.00
   291.062421580,413697818,,dTLB-stores,1000451953,100.00
   292.062646833,4065951,,dTLB-load-misses,1000488811,100.00
   292.062646833,812557912,,dTLB-loads,1000488772,100.00
   292.062646833,545928,,dTLB-store-misses,1000488728,100.00
   292.062646833,413641107,,dTLB-stores,1000488702,100.00
   293.062869724,4038854,,dTLB-load-misses,1000486947,100.00
   293.062869724,812420769,,dTLB-loads,1000486950,100.00
   293.062869724,547408,,dTLB-store-misses,1000487190,100.00
   293.062869724,413609988,,dTLB-stores,1000487184,100.00
   294.063060716,3988183,,dTLB-load-misses,1000431883,100.00
   294.063060716,812866092,,dTLB-loads,1000431554,100.00
   294.063060716,537802,,dTLB-store-misses,1000431218,100.00
   294.063060716,413810329,,dTLB-stores,1000431265,100.00
   295.063304716,3937278,,dTLB-load-misses,1000507571,100.00
   295.063304716,812789626,,dTLB-loads,1000508163,100.00
   295.063304716,523931,,dTLB-store-misses,1000508294,100.00
   295.063304716,413790473,,dTLB-stores,1000508285,100.00
   296.063532337,3942641,,dTLB-load-misses,1000471982,100.00
   296.063532337,812514193,,dTLB-loads,1000471799,100.00
   296.063532337,526743,,dTLB-store-misses,1000471732,100.00
   296.063532337,413595256,,dTLB-stores,1000471775,100.00
   297.063728069,3918839,,dTLB-load-misses,1000452340,100.00
   297.063728069,812593221,,dTLB-loads,1000452410,100.00
   297.063728069,530252,,dTLB-store-misses,1000452132,100.00
   297.063728069,413632673,,dTLB-stores,1000452023,100.00
   298.063954446,3889570,,dTLB-load-misses,1000495664,100.00
   298.063954446,812662641,,dTLB-loads,1000495487,100.00
   298.063954446,525884,,dTLB-store-misses,1000495706,100.00
   298.063954446,413694112,,dTLB-stores,1000495734,100.00
   299.064178588,3878901,,dTLB-load-misses,1000481021,100.00
   299.064178588,812895491,,dTLB-loads,1000481053,100.00
   299.064178588,521485,,dTLB-store-misses,1000481315,100.00
   299.064178588,413785779,,dTLB-stores,1000481330,100.00
   300.064397391,3889152,,dTLB-load-misses,1000459473,100.00
   300.064397391,812549292,,dTLB-loads,1000459255,100.00
   300.064397391,524963,,dTLB-store-misses,1000459064,100.00
   300.064397391,413601335,,dTLB-stores,1000459103,100.00
   301.064599093,3874104,,dTLB-load-misses,1000460277,100.00
   301.064599093,810383037,,dTLB-loads,1000460883,100.00
   301.064599093,529863,,dTLB-store-misses,1000460890,100.00
   301.064599093,412534341,,dTLB-stores,1000460850,100.00
   302.064798661,3871646,,dTLB-load-misses,1000450973,100.00
   302.064798661,812577986,,dTLB-loads,1000450573,100.00
   302.064798661,524433,,dTLB-store-misses,1000450636,100.00
   302.064798661,413624531,,dTLB-stores,1000450711,100.00
   303.065079909,3876888,,dTLB-load-misses,1000522753,100.00
   303.065079909,812768722,,dTLB-loads,1000522600,100.00
   303.065079909,519215,,dTLB-store-misses,1000522755,100.00
   303.065079909,413714436,,dTLB-stores,1000522724,100.00
   304.065302323,3875694,,dTLB-load-misses,1000479594,100.00
   304.065302323,813048270,,dTLB-loads,1000480026,100.00
   304.065302323,530326,,dTLB-store-misses,1000479891,100.00
   304.065302323,413855399,,dTLB-stores,1000479891,100.00
   305.065526131,3877724,,dTLB-load-misses,1000478521,100.00
   305.065526131,812800235,,dTLB-loads,1000478324,100.00
   305.065526131,528081,,dTLB-store-misses,1000478280,100.00
   305.065526131,413732107,,dTLB-stores,1000478267,100.00
   306.065742778,3871327,,dTLB-load-misses,1000481815,100.00
   306.065742778,812935194,,dTLB-loads,1000481730,100.00
   306.065742778,524212,,dTLB-store-misses,1000481722,100.00
   306.065742778,413778358,,dTLB-stores,1000481960,100.00
   307.065915542,3890747,,dTLB-load-misses,1000433274,100.00
   307.065915542,812559463,,dTLB-loads,1000434295,100.00
   307.065915542,531428,,dTLB-store-misses,1000435265,100.00
   307.065915542,413602565,,dTLB-stores,1000436330,100.00
   308.066167914,3921511,,dTLB-load-misses,1000503403,100.00
   308.066167914,812673528,,dTLB-loads,1000502390,100.00
   308.066167914,543489,,dTLB-store-misses,1000501734,100.00
   308.066167914,413643448,,dTLB-stores,1000500569,100.00
   309.066342408,3953426,,dTLB-load-misses,1000418578,100.00
   309.066342408,812189595,,dTLB-loads,1000419673,100.00
   309.066342408,539238,,dTLB-store-misses,1000420096,100.00
   309.066342408,413407748,,dTLB-stores,1000420827,100.00
   310.066602236,4090319,,dTLB-load-misses,1000522006,100.00
   310.066602236,811914378,,dTLB-loads,1000521041,100.00
   310.066602236,546969,,dTLB-store-misses,1000520493,100.00
   310.066602236,413220221,,dTLB-stores,1000519949,100.00
   311.066824038,4218776,,dTLB-load-misses,1000470371,100.00
   311.066824038,811623559,,dTLB-loads,1000470157,100.00
   311.066824038,566100,,dTLB-store-misses,1000469989,100.00
   311.066824038,413114900,,dTLB-stores,1000469625,100.00
   312.067057306,4404410,,dTLB-load-misses,1000497936,100.00
   312.067057306,811458956,,dTLB-loads,1000497852,100.00
   312.067057306,584604,,dTLB-store-misses,1000497809,100.00
   312.067057306,413012693,,dTLB-stores,1000498131,100.00
   313.067313282,4500585,,dTLB-load-misses,1000515105,100.00
   313.067313282,810464731,,dTLB-loads,1000515430,100.00
   313.067313282,590954,,dTLB-store-misses,1000515750,100.00
   313.067313282,412494638,,dTLB-stores,1000515623,100.00
   314.067472186,4437767,,dTLB-load-misses,1000421540,100.00
   314.067472186,811274589,,dTLB-loads,1000421320,100.00
   314.067472186,594836,,dTLB-store-misses,1000421024,100.00
   314.067472186,412943845,,dTLB-stores,1000420889,100.00
   315.067662112,4328821,,dTLB-load-misses,1000451085,100.00
   315.067662112,810934169,,dTLB-loads,1000450953,100.00
   315.067662112,589678,,dTLB-store-misses,1000450940,100.00
   315.067662112,412722249,,dTLB-stores,1000450745,100.00
   316.067894488,4213304,,dTLB-load-misses,1000483079,100.00
   316.067894488,811540604,,dTLB-loads,1000483186,100.00
   316.067894488,574446,,dTLB-store-misses,1000483199,100.00
   316.067894488,413050287,,dTLB-stores,1000483399,100.00
   317.068113304,4072263,,dTLB-load-misses,1000490414,100.00
   317.068113304,811720156,,dTLB-loads,1000490457,100.00
   317.068113304,550872,,dTLB-store-misses,1000490402,100.00
   317.068113304,413129150,,dTLB-stores,1000490422,100.00
   318.068312319,4007042,,dTLB-load-misses,1000464126,100.00
   318.068312319,812327963,,dTLB-loads,1000464368,100.00
   318.068312319,545988,,dTLB-store-misses,1000464513,100.00
   318.068312319,413438052,,dTLB-stores,1000464598,100.00
   319.068508874,3973840,,dTLB-load-misses,1000461375,100.00
   319.068508874,811830241,,dTLB-loads,1000461185,100.00
   319.068508874,546630,,dTLB-store-misses,1000461122,100.00
   319.068508874,413171443,,dTLB-stores,1000461067,100.00
   320.068748133,3956813,,dTLB-load-misses,1000513725,100.00
   320.068748133,812247529,,dTLB-loads,1000513583,100.00
   320.068748133,550891,,dTLB-store-misses,1000513557,100.00
   320.068748133,413365709,,dTLB-stores,1000513574,100.00
   321.068915414,3942118,,dTLB-load-misses,1000406368,100.00
   321.068915414,812019837,,dTLB-loads,1000407541,100.00
   321.068915414,544771,,dTLB-store-misses,1000408172,100.00
   321.068915414,413291770,,dTLB-stores,1000409134,100.00
   322.069144429,3945300,,dTLB-load-misses,1000483947,100.00
   322.069144429,812272064,,dTLB-loads,1000482719,100.00
   322.069144429,545369,,dTLB-store-misses,1000482222,100.00
   322.069144429,413429896,,dTLB-stores,1000481287,100.00
   323.069376288,3935523,,dTLB-load-misses,1000493694,100.00
   323.069376288,812371482,,dTLB-loads,1000493844,100.00
   323.069376288,546748,,dTLB-store-misses,1000493736,100.00
   323.069376288,413482899,,dTLB-stores,1000493623,100.00
   324.069632351,3921429,,dTLB-load-misses,1000513192,100.00
   324.069632351,812502436,,dTLB-loads,1000513648,100.00
   324.069632351,542295,,dTLB-store-misses,1000513621,100.00
   324.069632351,413525904,,dTLB-stores,1000513743,100.00
   325.069827122,3934660,,dTLB-load-misses,1000451305,100.00
   325.069827122,811895204,,dTLB-loads,1000451010,100.00
   325.069827122,543744,,dTLB-store-misses,1000450810,100.00
   325.069827122,413192785,,dTLB-stores,1000450610,100.00
   326.070055505,3952720,,dTLB-load-misses,1000492421,100.00
   326.070055505,812277051,,dTLB-loads,1000492459,100.00
   326.070055505,549172,,dTLB-store-misses,1000492763,100.00
   326.070055505,413412919,,dTLB-stores,1000492988,100.00
   327.070262779,3945753,,dTLB-load-misses,1000480883,100.00
   327.070262779,812052148,,dTLB-loads,1000481023,100.00
   327.070262779,552544,,dTLB-store-misses,1000481426,100.00
   327.070262779,413295396,,dTLB-stores,1000481482,100.00
   328.070549618,3927472,,dTLB-load-misses,1000542111,100.00
   328.070549618,812342112,,dTLB-loads,1000541947,100.00
   328.070549618,557396,,dTLB-store-misses,1000541597,100.00
   328.070549618,413427682,,dTLB-stores,1000541542,100.00
   329.070725477,3925371,,dTLB-load-misses,1000417563,100.00
   329.070725477,812075917,,dTLB-loads,1000418654,100.00
   329.070725477,546272,,dTLB-store-misses,1000419347,100.00
   329.070725477,413309314,,dTLB-stores,1000420115,100.00
   330.071000331,3908609,,dTLB-load-misses,1000546472,100.00
   330.071000331,811462485,,dTLB-loads,1000545567,100.00
   330.071000331,542151,,dTLB-store-misses,1000545112,100.00
   330.071000331,412983115,,dTLB-stores,1000544350,100.00
   331.071232573,3908174,,dTLB-load-misses,1000483190,100.00
   331.071232573,809158113,,dTLB-loads,1000500288,100.00
   331.071232573,539285,,dTLB-store-misses,1000499945,100.00
   331.071232573,411778903,,dTLB-stores,1000499877,100.00
   332.071423492,3886484,,dTLB-load-misses,1000470225,100.00
   332.071423492,809400934,,dTLB-loads,1000452901,100.00
   332.071423492,538364,,dTLB-store-misses,1000452931,100.00
   332.071423492,411914803,,dTLB-stores,1000452706,100.00
   333.071598491,3894283,,dTLB-load-misses,1000412806,100.00
   333.071598491,809002575,,dTLB-loads,1000413901,100.00
   333.071598491,541453,,dTLB-store-misses,1000414644,100.00
   333.071598491,411720390,,dTLB-stores,1000415770,100.00
   334.071766518,2440970,,dTLB-load-misses,625510787,100.00
   334.071766518,506026051,,dTLB-loads,625504133,100.00
   334.071766518,337515,,dTLB-store-misses,625499762,100.00
   334.071766518,257533427,,dTLB-stores,625495840,100.00
   335.071947489,1283,,dTLB-load-misses,532698,100.00
   335.071947489,74199,,dTLB-loads,532698,100.00
   335.071947489,21,,dTLB-store-misses,532698,100.00
   335.071947489,47682,,dTLB-stores,532698,100.00
   336.072123071,1163,,dTLB-load-misses,490955,100.00
   336.072123071,69610,,dTLB-loads,490955,100.00
   336.072123071,13,,dTLB-store-misses,490955,100.00
   336.072123071,44272,,dTLB-stores,490955,100.00
   337.072353315,1052,,dTLB-load-misses,423975,100.00
   337.072353315,59873,,dTLB-loads,423975,100.00
   337.072353315,21,,dTLB-store-misses,423975,100.00
   337.072353315,38445,,dTLB-stores,423975,100.00
   338.072571226,1120,,dTLB-load-misses,480239,100.00
   338.072571226,68141,,dTLB-loads,480239,100.00
   338.072571226,20,,dTLB-store-misses,480239,100.00
   338.072571226,43528,,dTLB-stores,480239,100.00
   339.072789901,1094,,dTLB-load-misses,476566,100.00
   339.072789901,65849,,dTLB-loads,476566,100.00
   339.072789901,9,,dTLB-store-misses,476566,100.00
   339.072789901,42124,,dTLB-stores,476566,100.00
   340.073001922,1065,,dTLB-load-misses,469905,100.00
   340.073001922,65659,,dTLB-loads,469905,100.00
   340.073001922,12,,dTLB-store-misses,469905,100.00
   340.073001922,42121,,dTLB-stores,469905,100.00
   341.073218447,1186,,dTLB-load-misses,482363,100.00
   341.073218447,67450,,dTLB-loads,482363,100.00
   341.073218447,17,,dTLB-store-misses,482363,100.00
   341.073218447,43096,,dTLB-stores,482363,100.00
   342.073413164,1189,,dTLB-load-misses,478032,100.00
   342.073413164,67515,,dTLB-loads,478032,100.00
   342.073413164,12,,dTLB-store-misses,478032,100.00
   342.073413164,43262,,dTLB-stores,478032,100.00
   343.073625463,1177,,dTLB-load-misses,478828,100.00
   343.073625463,68698,,dTLB-loads,478828,100.00
   343.073625463,14,,dTLB-store-misses,478828,100.00
   343.073625463,44201,,dTLB-stores,478828,100.00
   344.073846604,1180,,dTLB-load-misses,480295,100.00
   344.073846604,68146,,dTLB-loads,480295,100.00
   344.073846604,15,,dTLB-store-misses,480295,100.00
   344.073846604,43564,,dTLB-stores,480295,100.00
   345.074063514,1151,,dTLB-load-misses,470361,100.00
   345.074063514,65991,,dTLB-loads,470361,100.00
   345.074063514,10,,dTLB-store-misses,470361,100.00
   345.074063514,42342,,dTLB-stores,470361,100.00
   346.074278547,1203,,dTLB-load-misses,471107,100.00
   346.074278547,66777,,dTLB-loads,471107,100.00
   346.074278547,13,,dTLB-store-misses,471107,100.00
   346.074278547,42840,,dTLB-stores,471107,100.00
   347.074479353,1220,,dTLB-load-misses,468182,100.00
   347.074479353,66542,,dTLB-loads,468182,100.00
   347.074479353,20,,dTLB-store-misses,468182,100.00
   347.074479353,42746,,dTLB-stores,468182,100.00
   348.074709107,1145,,dTLB-load-misses,468337,100.00
   348.074709107,66385,,dTLB-loads,468337,100.00
   348.074709107,16,,dTLB-store-misses,468337,100.00
   348.074709107,42654,,dTLB-stores,468337,100.00
   349.074936155,1173,,dTLB-load-misses,471730,100.00
   349.074936155,66792,,dTLB-loads,471730,100.00
   349.074936155,18,,dTLB-store-misses,471730,100.00
   349.074936155,42849,,dTLB-stores,471730,100.00
   350.075101928,1176,,dTLB-load-misses,475429,100.00
   350.075101928,65995,,dTLB-loads,475429,100.00
   350.075101928,18,,dTLB-store-misses,475429,100.00
   350.075101928,42384,,dTLB-stores,475429,100.00
   351.075375982,1182,,dTLB-load-misses,476195,100.00
   351.075375982,65852,,dTLB-loads,476195,100.00
   351.075375982,20,,dTLB-store-misses,476195,100.00
   351.075375982,42251,,dTLB-stores,476195,100.00
   352.075596181,1142,,dTLB-load-misses,473315,100.00
   352.075596181,65890,,dTLB-loads,473315,100.00
   352.075596181,13,,dTLB-store-misses,473315,100.00
   352.075596181,42277,,dTLB-stores,473315,100.00
   353.075811144,1154,,dTLB-load-misses,478504,100.00
   353.075811144,65793,,dTLB-loads,478504,100.00
   353.075811144,17,,dTLB-store-misses,478504,100.00
   353.075811144,42231,,dTLB-stores,478504,100.00
   354.076004297,1113,,dTLB-load-misses,485625,100.00
   354.076004297,67757,,dTLB-loads,485625,100.00
   354.076004297,15,,dTLB-store-misses,485625,100.00
   354.076004297,43179,,dTLB-stores,485625,100.00
   355.076192840,1161,,dTLB-load-misses,484984,100.00
   355.076192840,67782,,dTLB-loads,484984,100.00
   355.076192840,10,,dTLB-store-misses,484984,100.00
   355.076192840,43506,,dTLB-stores,484984,100.00
   356.076412245,1133,,dTLB-load-misses,465612,100.00
   356.076412245,65599,,dTLB-loads,465612,100.00
   356.076412245,13,,dTLB-store-misses,465612,100.00
   356.076412245,42115,,dTLB-stores,465612,100.00
   357.076629026,1173,,dTLB-load-misses,463716,100.00
   357.076629026,65652,,dTLB-loads,463716,100.00
   357.076629026,18,,dTLB-store-misses,463716,100.00
   357.076629026,42109,,dTLB-stores,463716,100.00
   358.076845753,1219,,dTLB-load-misses,475337,100.00
   358.076845753,69605,,dTLB-loads,475337,100.00
   358.076845753,17,,dTLB-store-misses,475337,100.00
   358.076845753,44229,,dTLB-stores,475337,100.00
   359.077039300,1149,,dTLB-load-misses,461828,100.00
   359.077039300,65817,,dTLB-loads,461828,100.00
   359.077039300,13,,dTLB-store-misses,461828,100.00
   359.077039300,42119,,dTLB-stores,461828,100.00
   360.077257357,1177,,dTLB-load-misses,473963,100.00
   360.077257357,67451,,dTLB-loads,473963,100.00
   360.077257357,12,,dTLB-store-misses,473963,100.00
   360.077257357,43118,,dTLB-stores,473963,100.00
   361.077473462,1128,,dTLB-load-misses,461924,100.00
   361.077473462,65880,,dTLB-loads,461924,100.00
   361.077473462,15,,dTLB-store-misses,461924,100.00
   361.077473462,42262,,dTLB-stores,461924,100.00
   362.077663589,1222,,dTLB-load-misses,469915,100.00
   362.077663589,67553,,dTLB-loads,469915,100.00
   362.077663589,12,,dTLB-store-misses,469915,100.00
   362.077663589,43104,,dTLB-stores,469915,100.00
   363.077879454,1149,,dTLB-load-misses,465026,100.00
   363.077879454,66275,,dTLB-loads,465026,100.00
   363.077879454,15,,dTLB-store-misses,465026,100.00
   363.077879454,42517,,dTLB-stores,465026,100.00
   364.078096735,1075,,dTLB-load-misses,456554,100.00
   364.078096735,67595,,dTLB-loads,456554,100.00
   364.078096735,18,,dTLB-store-misses,456554,100.00
   364.078096735,43166,,dTLB-stores,456554,100.00
   365.078310217,1134,,dTLB-load-misses,482358,100.00
   365.078310217,67640,,dTLB-loads,482358,100.00
   365.078310217,22,,dTLB-store-misses,482358,100.00
   365.078310217,43161,,dTLB-stores,482358,100.00
   366.078529193,1192,,dTLB-load-misses,494844,100.00
   366.078529193,70142,,dTLB-loads,494844,100.00
   366.078529193,17,,dTLB-store-misses,494844,100.00
   366.078529193,44610,,dTLB-stores,494844,100.00
   367.078741945,1095,,dTLB-load-misses,475166,100.00
   367.078741945,65936,,dTLB-loads,475166,100.00
   367.078741945,24,,dTLB-store-misses,475166,100.00
   367.078741945,42344,,dTLB-stores,475166,100.00
   370.963562417,4686,,dTLB-load-misses,2528385,100.00
   370.963562417,268918,,dTLB-loads,2528385,100.00
   370.963562417,53,,dTLB-store-misses,2528385,100.00
   370.963562417,171759,,dTLB-stores,2528385,100.00
   371.963752892,1112,,dTLB-load-misses,558683,100.00
   371.963752892,65547,,dTLB-loads,558683,100.00
   371.963752892,13,,dTLB-store-misses,558683,100.00
   371.963752892,42059,,dTLB-stores,558683,100.00
   372.963941795,1179,,dTLB-load-misses,585941,100.00
   372.963941795,71781,,dTLB-loads,585941,100.00
   372.963941795,13,,dTLB-store-misses,585941,100.00
   372.963941795,45276,,dTLB-stores,585941,100.00
   376.169053935,3847,,dTLB-load-misses,2180174,100.00
   376.169053935,246212,,dTLB-loads,2180174,100.00
   376.169053935,31,,dTLB-store-misses,2180174,100.00
   376.169053935,153211,,dTLB-stores,2180174,100.00
   377.169267103,1078,,dTLB-load-misses,555942,100.00
   377.169267103,65609,,dTLB-loads,555942,100.00
   377.169267103,17,,dTLB-store-misses,555942,100.00
   377.169267103,42124,,dTLB-stores,555942,100.00
   378.169488934,1214,,dTLB-load-misses,642592,100.00
   378.169488934,77175,,dTLB-loads,642592,100.00
   378.169488934,16,,dTLB-store-misses,642592,100.00
   378.169488934,48030,,dTLB-stores,642592,100.00
   380.488222138,2931,,dTLB-load-misses,1531322,100.00
   380.488222138,175454,,dTLB-loads,1531322,100.00
   380.488222138,31,,dTLB-store-misses,1531322,100.00
   380.488222138,109633,,dTLB-stores,1531322,100.00
   381.488448610,1212,,dTLB-load-misses,546561,100.00
   381.488448610,68493,,dTLB-loads,546561,100.00
   381.488448610,15,,dTLB-store-misses,546561,100.00
   381.488448610,43683,,dTLB-stores,546561,100.00
   382.488678516,1133,,dTLB-load-misses,539309,100.00
   382.488678516,65914,,dTLB-loads,539309,100.00
   382.488678516,13,,dTLB-store-misses,539309,100.00
   382.488678516,42312,,dTLB-stores,539309,100.00
   383.488874355,1119,,dTLB-load-misses,569983,100.00
   383.488874355,65839,,dTLB-loads,569983,100.00
   383.488874355,13,,dTLB-store-misses,569983,100.00
   383.488874355,42119,,dTLB-stores,569983,100.00
   384.489153122,1093,,dTLB-load-misses,620959,100.00
   384.489153122,65684,,dTLB-loads,620959,100.00
   384.489153122,16,,dTLB-store-misses,620959,100.00
   384.489153122,42156,,dTLB-stores,620959,100.00
   385.489383047,1138,,dTLB-load-misses,511039,100.00
   385.489383047,65853,,dTLB-loads,511039,100.00
   385.489383047,21,,dTLB-store-misses,511039,100.00
   385.489383047,42259,,dTLB-stores,511039,100.00
   386.489611249,1172,,dTLB-load-misses,564758,100.00
   386.489611249,65674,,dTLB-loads,564758,100.00
   386.489611249,16,,dTLB-store-misses,564758,100.00
   386.489611249,42111,,dTLB-stores,564758,100.00
   387.489855340,1161,,dTLB-load-misses,589727,100.00
   387.489855340,65675,,dTLB-loads,589727,100.00
   387.489855340,10,,dTLB-store-misses,589727,100.00
   387.489855340,42143,,dTLB-stores,589727,100.00
   388.490093009,1143,,dTLB-load-misses,520934,100.00
   388.490093009,65830,,dTLB-loads,520934,100.00
   388.490093009,17,,dTLB-store-misses,520934,100.00
   388.490093009,42137,,dTLB-stores,520934,100.00
   389.490324628,1230,,dTLB-load-misses,517377,100.00
   389.490324628,65820,,dTLB-loads,517377,100.00
   389.490324628,16,,dTLB-store-misses,517377,100.00
   389.490324628,42240,,dTLB-stores,517377,100.00
   390.490567569,1120,,dTLB-load-misses,506522,100.00
   390.490567569,65701,,dTLB-loads,506522,100.00
   390.490567569,19,,dTLB-store-misses,506522,100.00
   390.490567569,42188,,dTLB-stores,506522,100.00
   391.490802251,1143,,dTLB-load-misses,546414,100.00
   391.490802251,66184,,dTLB-loads,546414,100.00
   391.490802251,24,,dTLB-store-misses,546414,100.00
   391.490802251,42513,,dTLB-stores,546414,100.00
   392.491031152,1238,,dTLB-load-misses,582732,100.00
   392.491031152,66841,,dTLB-loads,582732,100.00
   392.491031152,19,,dTLB-store-misses,582732,100.00
   392.491031152,43013,,dTLB-stores,582732,100.00
   393.491287177,1039,,dTLB-load-misses,441311,100.00
   393.491287177,58960,,dTLB-loads,441311,100.00
   393.491287177,21,,dTLB-store-misses,441311,100.00
   393.491287177,37827,,dTLB-stores,441311,100.00
   394.491457877,1178,,dTLB-load-misses,545580,100.00
   394.491457877,65973,,dTLB-loads,545580,100.00
   394.491457877,13,,dTLB-store-misses,545580,100.00
   394.491457877,42231,,dTLB-stores,545580,100.00
   395.491675349,1167,,dTLB-load-misses,521196,100.00
   395.491675349,68971,,dTLB-loads,521196,100.00
   395.491675349,22,,dTLB-store-misses,521196,100.00
   395.491675349,43863,,dTLB-stores,521196,100.00
   396.491852762,1033,,dTLB-load-misses,510859,100.00
   396.491852762,65526,,dTLB-loads,510859,100.00
   396.491852762,17,,dTLB-store-misses,510859,100.00
   396.491852762,42012,,dTLB-stores,510859,100.00
   397.492074674,1151,,dTLB-load-misses,537795,100.00
   397.492074674,65573,,dTLB-loads,537795,100.00
   397.492074674,15,,dTLB-store-misses,537795,100.00
   397.492074674,42048,,dTLB-stores,537795,100.00
   398.492261492,1191,,dTLB-load-misses,648848,100.00
   398.492261492,65527,,dTLB-loads,648848,100.00
   398.492261492,13,,dTLB-store-misses,648848,100.00
   398.492261492,42035,,dTLB-stores,648848,100.00
   399.492524532,1208,,dTLB-load-misses,654326,100.00
   399.492524532,67200,,dTLB-loads,654326,100.00
   399.492524532,22,,dTLB-store-misses,654326,100.00
   399.492524532,43213,,dTLB-stores,654326,100.00
   400.492783399,1988,,dTLB-load-misses,1034855,100.00
   400.492783399,227707,,dTLB-loads,1034855,100.00
   400.492783399,57,,dTLB-store-misses,1034855,100.00
   400.492783399,143538,,dTLB-stores,1034855,100.00
   401.493028679,1094,,dTLB-load-misses,446885,100.00
   401.493028679,65040,,dTLB-loads,446885,100.00
   401.493028679,12,,dTLB-store-misses,446885,100.00
   401.493028679,41849,,dTLB-stores,446885,100.00
   402.257912868,886,,dTLB-load-misses,381826,100.00
   402.257912868,55922,,dTLB-loads,381826,100.00
   402.257912868,11,,dTLB-store-misses,381826,100.00
   402.257912868,35582,,dTLB-stores,381826,100.00
