     1.000176817,178349,,dTLB-load-misses,18261205,100.00
     1.000176817,2329588,,dTLB-loads,18261205,100.00
     1.000176817,17,,dTLB-store-misses,18261205,100.00
     1.000176817,818467,,dTLB-stores,18261205,100.00
     2.000465840,530214,,dTLB-load-misses,447600149,100.00
     2.000465840,31669482,,dTLB-loads,447608695,100.00
     2.000465840,12717,,dTLB-store-misses,447612862,100.00
     2.000465840,17353624,,dTLB-stores,447616578,100.00
     3.000719486,71713,,dTLB-load-misses,1000309627,100.00
     3.000719486,18363845,,dTLB-loads,1000309019,100.00
     3.000719486,9940,,dTLB-store-misses,1000309371,100.00
     3.000719486,13692008,,dTLB-stores,1000309598,100.00
     4.000976445,431830,,dTLB-load-misses,1000275746,100.00
     4.000976445,33974196,,dTLB-loads,1000276415,100.00
     4.000976445,16159,,dTLB-store-misses,1000276033,100.00
     4.000976445,21156826,,dTLB-stores,1000276103,100.00
     5.001182418,6270600,,dTLB-load-misses,1000259224,100.00
     5.001182418,617188211,,dTLB-loads,1000256930,100.00
     5.001182418,289398,,dTLB-store-misses,1000256433,100.00
     5.001182418,312442340,,dTLB-stores,1000255312,100.00
     6.001353609,4203634,,dTLB-load-misses,1000186584,100.00
     6.001353609,841856008,,dTLB-loads,1000186609,100.00
     6.001353609,334120,,dTLB-store-misses,1000187191,100.00
     6.001353609,431483477,,dTLB-stores,1000188385,100.00
     7.001603001,4216993,,dTLB-load-misses,1000316778,100.00
     7.001603001,843867658,,dTLB-loads,1000315737,100.00
     7.001603001,348167,,dTLB-store-misses,1000314954,100.00
     7.001603001,432473201,,dTLB-stores,1000314022,100.00
     8.001804415,4268637,,dTLB-load-misses,1000248587,100.00
     8.001804415,841126619,,dTLB-loads,1000249138,100.00
     8.001804415,355829,,dTLB-store-misses,1000249394,100.00
     8.001804415,431051560,,dTLB-stores,1000249412,100.00
     9.001996833,4624334,,dTLB-load-misses,1000209234,100.00
     9.001996833,838903806,,dTLB-loads,1000208716,100.00
     9.001996833,410194,,dTLB-store-misses,1000208458,100.00
     9.001996833,429903032,,dTLB-stores,1000208517,100.00
    10.002196251,4556788,,dTLB-load-misses,1000303133,100.00
    10.002196251,840237872,,dTLB-loads,1000303385,100.00
    10.002196251,388294,,dTLB-store-misses,1000303564,100.00
    10.002196251,430566867,,dTLB-stores,1000303458,100.00
    11.002413588,4533692,,dTLB-load-misses,1000331466,100.00
    11.002413588,840525038,,dTLB-loads,1000331211,100.00
    11.002413588,376292,,dTLB-store-misses,1000331375,100.00
    11.002413588,430730140,,dTLB-stores,1000331411,100.00
    12.002630711,4606956,,dTLB-load-misses,1000293754,100.00
    12.002630711,842666066,,dTLB-loads,1000294051,100.00
    12.002630711,394591,,dTLB-store-misses,1000294014,100.00
    12.002630711,431806379,,dTLB-stores,1000293899,100.00
    13.002841332,4646285,,dTLB-load-misses,1000274671,100.00
    13.002841332,844423590,,dTLB-loads,1000274411,100.00
    13.002841332,392943,,dTLB-store-misses,1000274237,100.00
    13.002841332,432701142,,dTLB-stores,1000274217,100.00
    14.003010488,4892052,,dTLB-load-misses,1000246747,100.00
    14.003010488,844589363,,dTLB-loads,1000247772,100.00
    14.003010488,467810,,dTLB-store-misses,1000248599,100.00
    14.003010488,432720814,,dTLB-stores,1000249368,100.00
    15.003229344,4558168,,dTLB-load-misses,1000308463,100.00
    15.003229344,845273016,,dTLB-loads,1000307575,100.00
    15.003229344,381135,,dTLB-store-misses,1000307121,100.00
    15.003229344,433040468,,dTLB-stores,1000306390,100.00
    16.003448408,4507852,,dTLB-load-misses,1000247792,100.00
    16.003448408,843306340,,dTLB-loads,1000247885,100.00
    16.003448408,376951,,dTLB-store-misses,1000247773,100.00
    16.003448408,432018048,,dTLB-stores,1000247843,100.00
    17.003669099,4543440,,dTLB-load-misses,1000273377,100.00
    17.003669099,847720727,,dTLB-loads,1000273467,100.00
    17.003669099,386498,,dTLB-store-misses,1000273162,100.00
    17.003669099,434206421,,dTLB-stores,1000273119,100.00
    18.003834615,4608103,,dTLB-load-misses,1000203669,100.00
    18.003834615,847055106,,dTLB-loads,1000204233,100.00
    18.003834615,389874,,dTLB-store-misses,1000204998,100.00
    18.003834615,433863430,,dTLB-stores,1000206280,100.00
    19.004062243,4952280,,dTLB-load-misses,1000290756,100.00
    19.004062243,846387560,,dTLB-loads,1000290116,100.00
    19.004062243,474645,,dTLB-store-misses,1000289429,100.00
    19.004062243,433508721,,dTLB-stores,1000288183,100.00
    20.004228686,4700374,,dTLB-load-misses,1000207731,100.00
    20.004228686,846829934,,dTLB-loads,1000208651,100.00
    20.004228686,418620,,dTLB-store-misses,1000209285,100.00
    20.004228686,433706874,,dTLB-stores,1000209926,100.00
    21.004450443,4755889,,dTLB-load-misses,1000281706,100.00
    21.004450443,846629708,,dTLB-loads,1000280572,100.00
    21.004450443,444688,,dTLB-store-misses,1000279678,100.00
    21.004450443,433593042,,dTLB-stores,1000279029,100.00
    22.004658015,4690737,,dTLB-load-misses,1000247300,100.00
    22.004658015,845861404,,dTLB-loads,1000248766,100.00
    22.004658015,443792,,dTLB-store-misses,1000249765,100.00
    22.004658015,433172188,,dTLB-stores,1000250417,100.00
    23.004892741,4765710,,dTLB-load-misses,1000290539,100.00
    23.004892741,845558468,,dTLB-loads,1000290610,100.00
    23.004892741,436017,,dTLB-store-misses,1000290969,100.00
    23.004892741,432993000,,dTLB-stores,1000290512,100.00
    24.005095780,5013266,,dTLB-load-misses,1000271168,100.00
    24.005095780,844131418,,dTLB-loads,1000269540,100.00
    24.005095780,484368,,dTLB-store-misses,1000268513,100.00
    24.005095780,432227166,,dTLB-stores,1000268283,100.00
    25.005299328,4785753,,dTLB-load-misses,1000257212,100.00
    25.005299328,844323011,,dTLB-loads,1000257564,100.00
    25.005299328,410504,,dTLB-store-misses,1000257789,100.00
    25.005299328,432318582,,dTLB-stores,1000257920,100.00
    26.005561828,4853965,,dTLB-load-misses,1000293995,100.00
    26.005561828,845851256,,dTLB-loads,1000294023,100.00
    26.005561828,432150,,dTLB-store-misses,1000293980,100.00
    26.005561828,433110932,,dTLB-stores,1000293996,100.00
    27.005732279,4784175,,dTLB-load-misses,1000221098,100.00
    27.005732279,846339307,,dTLB-loads,1000221775,100.00
    27.005732279,428775,,dTLB-store-misses,1000222050,100.00
    27.005732279,433283439,,dTLB-stores,1000222654,100.00
    28.005960311,4700910,,dTLB-load-misses,1000280048,100.00
    28.005960311,845696458,,dTLB-loads,1000279359,100.00
    28.005960311,424749,,dTLB-store-misses,1000278827,100.00
    28.005960311,432969467,,dTLB-stores,1000278185,100.00
    29.006169870,4950992,,dTLB-load-misses,1000266559,100.00
    29.006169870,845155969,,dTLB-loads,1000266274,100.00
    29.006169870,466906,,dTLB-store-misses,1000266281,100.00
    29.006169870,432672508,,dTLB-stores,1000266239,100.00
    30.006360718,4845395,,dTLB-load-misses,1000245760,100.00
    30.006360718,845654713,,dTLB-loads,1000245782,100.00
    30.006360718,433423,,dTLB-store-misses,1000245765,100.00
    30.006360718,432910458,,dTLB-stores,1000245742,100.00
    31.006584948,4755793,,dTLB-load-misses,1000290586,100.00
    31.006584948,845713307,,dTLB-loads,1000290971,100.00
    31.006584948,417897,,dTLB-store-misses,1000291103,100.00
    31.006584948,432925728,,dTLB-stores,1000291182,100.00
    32.006748452,4735631,,dTLB-load-misses,1000203283,100.00
    32.006748452,845627114,,dTLB-loads,1000203892,100.00
    32.006748452,416822,,dTLB-store-misses,1000204941,100.00
    32.006748452,432821259,,dTLB-stores,1000205424,100.00
    33.006949858,4672058,,dTLB-load-misses,1000234177,100.00
    33.006949858,846499473,,dTLB-loads,1000234156,100.00
    33.006949858,403067,,dTLB-store-misses,1000233488,100.00
    33.006949858,433303202,,dTLB-stores,1000234275,100.00
    34.007161514,4881602,,dTLB-load-misses,1000276966,100.00
    34.007161514,846103577,,dTLB-loads,1000276190,100.00
    34.007161514,442426,,dTLB-store-misses,1000275672,100.00
    34.007161514,433044419,,dTLB-stores,1000274149,100.00
    35.007382269,4740423,,dTLB-load-misses,1000307576,100.00
    35.007382269,843787089,,dTLB-loads,1000307317,100.00
    35.007382269,426972,,dTLB-store-misses,1000307292,100.00
    35.007382269,431878189,,dTLB-stores,1000307399,100.00
    36.007620781,4747444,,dTLB-load-misses,1000316044,100.00
    36.007620781,850981613,,dTLB-loads,1000316296,100.00
    36.007620781,409487,,dTLB-store-misses,1000316385,100.00
    36.007620781,435431540,,dTLB-stores,1000316491,100.00
    37.007812341,4644625,,dTLB-load-misses,1000195629,100.00
    37.007812341,841491259,,dTLB-loads,1000195592,100.00
    37.007812341,381541,,dTLB-store-misses,1000195480,100.00
    37.007812341,430543196,,dTLB-stores,1000195392,100.00
    38.008036930,4628811,,dTLB-load-misses,1000147317,100.00
    38.008036930,847001748,,dTLB-loads,1000147504,100.00
    38.008036930,382953,,dTLB-store-misses,1000147726,100.00
    38.008036930,433407235,,dTLB-stores,1000147953,100.00
    39.008228073,4657289,,dTLB-load-misses,1000339540,100.00
    39.008228073,847602034,,dTLB-loads,1000339275,100.00
    39.008228073,381646,,dTLB-store-misses,1000339179,100.00
    39.008228073,433716420,,dTLB-stores,1000338934,100.00
    43.023633112,19615050,,dTLB-load-misses,4016338196,100.00
    43.023633112,3380291045,,dTLB-loads,4016338167,100.00
    43.023633112,1656057,,dTLB-store-misses,4016338128,100.00
    43.023633112,1729473268,,dTLB-stores,4016338168,100.00
    44.023868862,4686115,,dTLB-load-misses,1000313995,100.00
    44.023868862,843968300,,dTLB-loads,1000314047,100.00
    44.023868862,374462,,dTLB-store-misses,1000314377,100.00
    44.023868862,431812036,,dTLB-stores,1000314537,100.00
    45.024024696,4705637,,dTLB-load-misses,1000356728,100.00
    45.024024696,848285734,,dTLB-loads,1000356462,100.00
    45.024024696,393487,,dTLB-store-misses,1000355822,100.00
    45.024024696,433985016,,dTLB-stores,1000355435,100.00
    48.323821577,16141191,,dTLB-load-misses,3300058121,100.00
    48.323821577,2787347305,,dTLB-loads,3300058470,100.00
    48.323821577,1392945,,dTLB-store-misses,3300058776,100.00
    48.323821577,1425764765,,dTLB-stores,3300059075,100.00
    49.324038418,4806949,,dTLB-load-misses,1000369473,100.00
    49.324038418,846990872,,dTLB-loads,1000369258,100.00
    49.324038418,388983,,dTLB-store-misses,1000369266,100.00
    49.324038418,433200119,,dTLB-stores,1000369402,100.00
    51.679609791,11488696,,dTLB-load-misses,2355955725,100.00
    51.679609791,1995142102,,dTLB-loads,2355955845,100.00
    51.679609791,963150,,dTLB-store-misses,2355955801,100.00
    51.679609791,1020359929,,dTLB-stores,2355955636,100.00
    52.679859349,4983424,,dTLB-load-misses,1000329235,100.00
    52.679859349,845731416,,dTLB-loads,1000329371,100.00
    52.679859349,443834,,dTLB-store-misses,1000329739,100.00
    52.679859349,432555711,,dTLB-stores,1000329846,100.00
    53.680060157,4858408,,dTLB-load-misses,1000229238,100.00
    53.680060157,843224725,,dTLB-loads,1000228890,100.00
    53.680060157,394787,,dTLB-store-misses,1000228495,100.00
    53.680060157,431210752,,dTLB-stores,1000228166,100.00
    54.680258267,4807682,,dTLB-load-misses,1000259798,100.00
    54.680258267,843356892,,dTLB-loads,1000260154,100.00
    54.680258267,384910,,dTLB-store-misses,1000260519,100.00
    54.680258267,431272628,,dTLB-stores,1000260765,100.00
    55.680428861,4736881,,dTLB-load-misses,1000219487,100.00
    55.680428861,843545024,,dTLB-loads,1000220184,100.00
    55.680428861,384478,,dTLB-store-misses,1000220576,100.00
    55.680428861,431322415,,dTLB-stores,1000221471,100.00
    56.680637561,4601710,,dTLB-load-misses,1000305593,100.00
    56.680637561,838300382,,dTLB-loads,1000304886,100.00
    56.680637561,373832,,dTLB-store-misses,1000304116,100.00
    56.680637561,428672583,,dTLB-stores,1000302994,100.00
    57.680838924,4862235,,dTLB-load-misses,1000186762,100.00
    57.680838924,843662776,,dTLB-loads,1000186531,100.00
    57.680838924,403598,,dTLB-store-misses,1000186616,100.00
    57.680838924,431394686,,dTLB-stores,1000186641,100.00
    58.681004635,4938440,,dTLB-load-misses,1000178767,100.00
    58.681004635,847066716,,dTLB-loads,1000178544,100.00
    58.681004635,429458,,dTLB-store-misses,1000178527,100.00
    58.681004635,433066310,,dTLB-stores,1000178535,100.00
    59.681223738,4853802,,dTLB-load-misses,1000250520,100.00
    59.681223738,841536628,,dTLB-loads,1000250679,100.00
    59.681223738,399146,,dTLB-store-misses,1000250742,100.00
    59.681223738,430256138,,dTLB-stores,1000250844,100.00
    60.681390492,4833073,,dTLB-load-misses,1000213525,100.00
    60.681390492,845591425,,dTLB-loads,1000214557,100.00
    60.681390492,390130,,dTLB-store-misses,1000215088,100.00
    60.681390492,432324419,,dTLB-stores,1000216140,100.00
    61.681614961,4783688,,dTLB-load-misses,1000265667,100.00
    61.681614961,845584370,,dTLB-loads,1000264676,100.00
    61.681614961,381983,,dTLB-store-misses,1000264056,100.00
    61.681614961,432334337,,dTLB-stores,1000263240,100.00
    62.681810918,4687843,,dTLB-load-misses,1000260360,100.00
    62.681810918,845854181,,dTLB-loads,1000260487,100.00
    62.681810918,364611,,dTLB-store-misses,1000260531,100.00
    62.681810918,432443649,,dTLB-stores,1000260487,100.00
    63.681972945,4822488,,dTLB-load-misses,1000209755,100.00
    63.681972945,844936024,,dTLB-loads,1000209689,100.00
    63.681972945,384834,,dTLB-store-misses,1000209729,100.00
    63.681972945,431979707,,dTLB-stores,1000209410,100.00
    64.682163682,5169472,,dTLB-load-misses,1000226923,100.00
    64.682163682,844052430,,dTLB-loads,1000226971,100.00
    64.682163682,466245,,dTLB-store-misses,1000226865,100.00
    64.682163682,431522407,,dTLB-stores,1000227122,100.00
    65.682369966,5049552,,dTLB-load-misses,1000254681,100.00
    65.682369966,844071981,,dTLB-loads,1000254704,100.00
    65.682369966,422767,,dTLB-store-misses,1000255011,100.00
    65.682369966,431515259,,dTLB-stores,1000254912,100.00
    66.682594796,5132300,,dTLB-load-misses,1000284483,100.00
    66.682594796,843621694,,dTLB-loads,1000284446,100.00
    66.682594796,413370,,dTLB-store-misses,1000284351,100.00
    66.682594796,431210942,,dTLB-stores,1000284510,100.00
    67.682831227,5058265,,dTLB-load-misses,1000291332,100.00
    67.682831227,843430888,,dTLB-loads,1000291179,100.00
    67.682831227,404263,,dTLB-store-misses,1000291086,100.00
    67.682831227,431109245,,dTLB-stores,1000290865,100.00
    68.683059992,4966248,,dTLB-load-misses,1000295936,100.00
    68.683059992,843148837,,dTLB-loads,1000296133,100.00
    68.683059992,403246,,dTLB-store-misses,1000296060,100.00
    68.683059992,430978360,,dTLB-stores,1000296164,100.00
    69.683265477,4844431,,dTLB-load-misses,1000308938,100.00
    69.683265477,847422460,,dTLB-loads,1000308786,100.00
    69.683265477,392354,,dTLB-store-misses,1000308758,100.00
    69.683265477,433145703,,dTLB-stores,1000308609,100.00
    72.263401679,12029530,,dTLB-load-misses,2580366870,100.00
    72.263401679,1908124157,,dTLB-loads,2580366783,100.00
    72.263401679,1039863,,dTLB-store-misses,2580366508,100.00
    72.263401679,975188643,,dTLB-stores,2580366365,100.00
    73.263602435,5029893,,dTLB-load-misses,1000321225,100.00
    73.263602435,839462668,,dTLB-loads,1000321198,100.00
    73.263602435,399694,,dTLB-store-misses,1000321191,100.00
    73.263602435,428974101,,dTLB-stores,1000321605,100.00
    74.263857302,5019102,,dTLB-load-misses,1000412145,100.00
    74.263857302,840094313,,dTLB-loads,1000412681,100.00
    74.263857302,412410,,dTLB-store-misses,1000413136,100.00
    74.263857302,429273481,,dTLB-stores,1000413250,100.00
    75.264056322,4989988,,dTLB-load-misses,1000094237,100.00
    75.264056322,843161973,,dTLB-loads,1000093865,100.00
    75.264056322,410564,,dTLB-store-misses,1000093515,100.00
    75.264056322,430869470,,dTLB-stores,1000093056,100.00
    76.388891791,5380542,,dTLB-load-misses,1124992200,100.00
    76.388891791,926436625,,dTLB-loads,1124992857,100.00
    76.388891791,564187,,dTLB-store-misses,1124993047,100.00
    76.388891791,473280089,,dTLB-stores,1124993172,100.00
    77.389054110,4474201,,dTLB-load-misses,1000376156,100.00
    77.389054110,819326078,,dTLB-loads,1000375218,100.00
    77.389054110,562388,,dTLB-store-misses,1000375074,100.00
    77.389054110,418359225,,dTLB-stores,1000375110,100.00
    78.389254988,4669128,,dTLB-load-misses,1000412852,100.00
    78.389254988,820745256,,dTLB-loads,1000414267,100.00
    78.389254988,592314,,dTLB-store-misses,1000414410,100.00
    78.389254988,419064474,,dTLB-stores,1000414917,100.00
    79.389486356,4746720,,dTLB-load-misses,1000370208,100.00
    79.389486356,821016280,,dTLB-loads,1000369177,100.00
    79.389486356,614783,,dTLB-store-misses,1000369307,100.00
    79.389486356,419187966,,dTLB-stores,1000368836,100.00
    80.389678761,4703670,,dTLB-load-misses,1000391498,100.00
    80.389678761,820441079,,dTLB-loads,1000391500,100.00
    80.389678761,586125,,dTLB-store-misses,1000391386,100.00
    80.389678761,418871109,,dTLB-stores,1000391534,100.00
    81.389900129,4682987,,dTLB-load-misses,1000410114,100.00
    81.389900129,820278055,,dTLB-loads,1000409907,100.00
    81.389900129,591264,,dTLB-store-misses,1000409806,100.00
    81.389900129,418776039,,dTLB-stores,1000409761,100.00
    82.390091548,4555042,,dTLB-load-misses,1000391325,100.00
    82.390091548,820503930,,dTLB-loads,1000391357,100.00
    82.390091548,575406,,dTLB-store-misses,1000391334,100.00
    82.390091548,418862324,,dTLB-stores,1000391178,100.00
    83.390287020,4498300,,dTLB-load-misses,1000383743,100.00
    83.390287020,820784462,,dTLB-loads,1000383581,100.00
    83.390287020,577660,,dTLB-store-misses,1000383710,100.00
    83.390287020,419029554,,dTLB-stores,1000386924,100.00
    84.390524741,4444596,,dTLB-load-misses,1000430856,100.00
    84.390524741,821091117,,dTLB-loads,1000431245,100.00
    84.390524741,578431,,dTLB-store-misses,1000431342,100.00
    84.390524741,419191616,,dTLB-stores,1000428219,100.00
    85.390712837,4488634,,dTLB-load-misses,1000399944,100.00
    85.390712837,820519862,,dTLB-loads,1000399946,100.00
    85.390712837,588684,,dTLB-store-misses,1000399859,100.00
    85.390712837,418882199,,dTLB-stores,1000399989,100.00
    86.390904781,4692158,,dTLB-load-misses,1000395212,100.00
    86.390904781,819382132,,dTLB-loads,1000395122,100.00
    86.390904781,611306,,dTLB-store-misses,1000394819,100.00
    86.390904781,418239926,,dTLB-stores,1000394420,100.00
    87.391121586,4746422,,dTLB-load-misses,1000411307,100.00
    87.391121586,819712667,,dTLB-loads,1000411341,100.00
    87.391121586,627762,,dTLB-store-misses,1000411523,100.00
    87.391121586,418449770,,dTLB-stores,1000411748,100.00
    88.391335016,4685651,,dTLB-load-misses,1000402620,100.00
    88.391335016,819733865,,dTLB-loads,1000402612,100.00
    88.391335016,607841,,dTLB-store-misses,1000402786,100.00
    88.391335016,418418729,,dTLB-stores,1000402775,100.00
    89.391551937,4638490,,dTLB-load-misses,1000398642,100.00
    89.391551937,819670694,,dTLB-loads,1000398514,100.00
    89.391551937,619626,,dTLB-store-misses,1000398456,100.00
    89.391551937,418401725,,dTLB-stores,1000398427,100.00
    90.391762409,4510939,,dTLB-load-misses,1000414290,100.00
    90.391762409,820197040,,dTLB-loads,1000414662,100.00
    90.391762409,602933,,dTLB-store-misses,1000414644,100.00
    90.391762409,418636216,,dTLB-stores,1000414900,100.00
    91.391957177,4443900,,dTLB-load-misses,1000366868,100.00
    91.391957177,820429416,,dTLB-loads,1000366519,100.00
    91.391957177,585800,,dTLB-store-misses,1000366302,100.00
    91.391957177,418744849,,dTLB-stores,1000365863,100.00
    92.392183440,4342500,,dTLB-load-misses,1000420912,100.00
    92.392183440,820258683,,dTLB-loads,1000421049,100.00
    92.392183440,580569,,dTLB-store-misses,1000421201,100.00
    92.392183440,418609347,,dTLB-stores,1000421523,100.00
    93.392398216,4395075,,dTLB-load-misses,1000400279,100.00
    93.392398216,819875526,,dTLB-loads,1000400202,100.00
    93.392398216,585521,,dTLB-store-misses,1000400409,100.00
    93.392398216,418403262,,dTLB-stores,1000400326,100.00
    94.392591809,4769258,,dTLB-load-misses,1000375667,100.00
    94.392591809,818548981,,dTLB-loads,1000375788,100.00
    94.392591809,626054,,dTLB-store-misses,1000375698,100.00
    94.392591809,417745599,,dTLB-stores,1000375688,100.00
    95.392815577,4782975,,dTLB-load-misses,1000416706,100.00
    95.392815577,818735299,,dTLB-loads,1000416626,100.00
    95.392815577,641135,,dTLB-store-misses,1000416531,100.00
    95.392815577,417829714,,dTLB-stores,1000416656,100.00
    96.393001868,4708929,,dTLB-load-misses,1000380015,100.00
    96.393001868,818947691,,dTLB-loads,1000379917,100.00
    96.393001868,628198,,dTLB-store-misses,1000380054,100.00
    96.393001868,417904686,,dTLB-stores,1000380047,100.00
    97.393211082,4779392,,dTLB-load-misses,1000381474,100.00
    97.393211082,818519808,,dTLB-loads,1000381412,100.00
    97.393211082,652401,,dTLB-store-misses,1000381382,100.00
    97.393211082,417683295,,dTLB-stores,1000381283,100.00
    98.393424689,4542297,,dTLB-load-misses,1000402634,100.00
    98.393424689,819319023,,dTLB-loads,1000402703,100.00
    98.393424689,611288,,dTLB-store-misses,1000402592,100.00
    98.393424689,418105108,,dTLB-stores,1000402614,100.00
    99.393617949,4391530,,dTLB-load-misses,1000375777,100.00
    99.393617949,821164215,,dTLB-loads,1000376089,100.00
    99.393617949,600357,,dTLB-store-misses,1000376221,100.00
    99.393617949,419007536,,dTLB-stores,1000376178,100.00
   100.393835391,4301784,,dTLB-load-misses,1000415833,100.00
   100.393835391,820093902,,dTLB-loads,1000415456,100.00
   100.393835391,589453,,dTLB-store-misses,1000415447,100.00
   100.393835391,418469040,,dTLB-stores,1000415464,100.00
   101.394031355,4223542,,dTLB-load-misses,1000377740,100.00
   101.394031355,817539065,,dTLB-loads,1000378032,100.00
   101.394031355,581595,,dTLB-store-misses,1000378295,100.00
   101.394031355,417188289,,dTLB-stores,1000378236,100.00
   102.394227709,4520844,,dTLB-load-misses,1000395589,100.00
   102.394227709,813908706,,dTLB-loads,1000395483,100.00
   102.394227709,613566,,dTLB-store-misses,1000395216,100.00
   102.394227709,415253945,,dTLB-stores,1000395161,100.00
   103.394431499,4721378,,dTLB-load-misses,1000429495,100.00
   103.394431499,814136710,,dTLB-loads,1000429300,100.00
   103.394431499,658474,,dTLB-store-misses,1000429207,100.00
   103.394431499,415414502,,dTLB-stores,1000429252,100.00
   104.394661439,4705841,,dTLB-load-misses,1000451328,100.00
   104.394661439,815890630,,dTLB-loads,1000451545,100.00
   104.394661439,640533,,dTLB-store-misses,1000451523,100.00
   104.394661439,416265971,,dTLB-stores,1000451541,100.00
   105.394891257,4735797,,dTLB-load-misses,1000465242,100.00
   105.394891257,816115777,,dTLB-loads,1000465257,100.00
   105.394891257,661041,,dTLB-store-misses,1000465549,100.00
   105.394891257,416419192,,dTLB-stores,1000465713,100.00
   106.395091245,4665777,,dTLB-load-misses,1000430284,100.00
   106.395091245,817753424,,dTLB-loads,1000430210,100.00
   106.395091245,651859,,dTLB-store-misses,1000429809,100.00
   106.395091245,417210689,,dTLB-stores,1000429507,100.00
   107.395332689,4612662,,dTLB-load-misses,1000496113,100.00
   107.395332689,817907009,,dTLB-loads,1000496014,100.00
   107.395332689,634749,,dTLB-store-misses,1000496502,100.00
   107.395332689,417260148,,dTLB-stores,1000496793,100.00
   108.395557387,4598163,,dTLB-load-misses,1000464465,100.00
   108.395557387,817929749,,dTLB-loads,1000464624,100.00
   108.395557387,640239,,dTLB-store-misses,1000464301,100.00
   108.395557387,417283460,,dTLB-stores,1000464189,100.00
   109.395786635,4674716,,dTLB-load-misses,1000460614,100.00
   109.395786635,817978601,,dTLB-loads,1000460610,100.00
   109.395786635,648515,,dTLB-store-misses,1000460614,100.00
   109.395786635,417283724,,dTLB-stores,1000460681,100.00
   110.396025669,4940598,,dTLB-load-misses,1000471942,100.00
   110.396025669,816842592,,dTLB-loads,1000471861,100.00
   110.396025669,732845,,dTLB-store-misses,1000471903,100.00
   110.396025669,416679632,,dTLB-stores,1000471942,100.00
   111.396268667,4952812,,dTLB-load-misses,1000467163,100.00
   111.396268667,816871619,,dTLB-loads,1000467084,100.00
   111.396268667,698970,,dTLB-store-misses,1000467240,100.00
   111.396268667,416754350,,dTLB-stores,1000467068,100.00
   112.396501783,4823361,,dTLB-load-misses,1000423410,100.00
   112.396501783,814514833,,dTLB-loads,1000423460,100.00
   112.396501783,670417,,dTLB-store-misses,1000423489,100.00
   112.396501783,415475294,,dTLB-stores,1000423758,100.00
   113.396739281,4638523,,dTLB-load-misses,1000429859,100.00
   113.396739281,815115294,,dTLB-loads,1000429767,100.00
   113.396739281,642477,,dTLB-store-misses,1000429635,100.00
   113.396739281,415791185,,dTLB-stores,1000429433,100.00
   114.396929857,4599087,,dTLB-load-misses,1000379661,100.00
   114.396929857,814833401,,dTLB-loads,1000379596,100.00
   114.396929857,641841,,dTLB-store-misses,1000379214,100.00
   114.396929857,415628759,,dTLB-stores,1000379348,100.00
   115.397154438,4596374,,dTLB-load-misses,1000404828,100.00
   115.397154438,814700567,,dTLB-loads,1000404940,100.00
   115.397154438,657201,,dTLB-store-misses,1000405287,100.00
   115.397154438,415581798,,dTLB-stores,1000405162,100.00
   116.397370813,4552736,,dTLB-load-misses,1000433044,100.00
   116.397370813,815174885,,dTLB-loads,1000433257,100.00
   116.397370813,650247,,dTLB-store-misses,1000433324,100.00
   116.397370813,415802861,,dTLB-stores,1000433422,100.00
   117.397563066,4552255,,dTLB-load-misses,1000367962,100.00
   117.397563066,815602480,,dTLB-loads,1000367981,100.00
   117.397563066,657442,,dTLB-store-misses,1000367797,100.00
   117.397563066,415996505,,dTLB-stores,1000367700,100.00
   118.397762902,4535798,,dTLB-load-misses,1000397920,100.00
   118.397762902,814703001,,dTLB-loads,1000397630,100.00
   118.397762902,660602,,dTLB-store-misses,1000397735,100.00
   118.397762902,415501187,,dTLB-stores,1000397803,100.00
   119.398021879,4773263,,dTLB-load-misses,1000454143,100.00
   119.398021879,813850457,,dTLB-loads,1000454408,100.00
   119.398021879,719693,,dTLB-store-misses,1000454603,100.00
   119.398021879,415077073,,dTLB-stores,1000454580,100.00
   120.398219566,5026202,,dTLB-load-misses,999994358,100.00
   120.398219566,815804059,,dTLB-loads,999994327,100.00
   120.398219566,725131,,dTLB-store-misses,999993961,100.00
   120.398219566,416041157,,dTLB-stores,999993766,100.00
   121.398445214,4996018,,dTLB-load-misses,1000450302,100.00
   121.398445214,818011874,,dTLB-loads,1000450174,100.00
   121.398445214,731560,,dTLB-store-misses,1000450175,100.00
   121.398445214,417171995,,dTLB-stores,1000450319,100.00
   122.398666061,4776744,,dTLB-load-misses,1000467677,100.00
   122.398666061,817055972,,dTLB-loads,1000467785,100.00
   122.398666061,693172,,dTLB-store-misses,1000467732,100.00
   122.398666061,416646138,,dTLB-stores,1000467815,100.00
   123.398883620,4541271,,dTLB-load-misses,1000446023,100.00
   123.398883620,819782242,,dTLB-loads,1000445635,100.00
   123.398883620,661401,,dTLB-store-misses,1000445610,100.00
   123.398883620,418078843,,dTLB-stores,1000445549,100.00
   124.399100785,4475339,,dTLB-load-misses,1000458299,100.00
   124.399100785,820057773,,dTLB-loads,1000458802,100.00
   124.399100785,648869,,dTLB-store-misses,1000459011,100.00
   124.399100785,418249166,,dTLB-stores,1000459202,100.00
   125.399321491,4465924,,dTLB-load-misses,1000459957,100.00
   125.399321491,820149393,,dTLB-loads,1000459781,100.00
   125.399321491,642828,,dTLB-store-misses,1000459971,100.00
   125.399321491,418271819,,dTLB-stores,1000459715,100.00
   126.399537045,4476216,,dTLB-load-misses,1000431655,100.00
   126.399537045,820957326,,dTLB-loads,1000431715,100.00
   126.399537045,640566,,dTLB-store-misses,1000431469,100.00
   126.399537045,418651143,,dTLB-stores,1000431725,100.00
   127.399757370,4519406,,dTLB-load-misses,1000444410,100.00
   127.399757370,822499237,,dTLB-loads,1000444366,100.00
   127.399757370,648124,,dTLB-store-misses,1000444420,100.00
   127.399757370,419448416,,dTLB-stores,1000444390,100.00
   128.399980625,4606386,,dTLB-load-misses,1000444797,100.00
   128.399980625,822716188,,dTLB-loads,1000445166,100.00
   128.399980625,662291,,dTLB-store-misses,1000445199,100.00
   128.399980625,419542777,,dTLB-stores,1000445072,100.00
   129.400180364,4856850,,dTLB-load-misses,1000433331,100.00
   129.400180364,821807661,,dTLB-loads,1000432694,100.00
   129.400180364,717769,,dTLB-store-misses,1000432411,100.00
   129.400180364,419098819,,dTLB-stores,1000432197,100.00
   130.400404995,5017815,,dTLB-load-misses,1000464554,100.00
   130.400404995,821373744,,dTLB-loads,1000464862,100.00
   130.400404995,720031,,dTLB-store-misses,1000465118,100.00
   130.400404995,418857626,,dTLB-stores,1000465209,100.00
   131.400612122,4914630,,dTLB-load-misses,1000410728,100.00
   131.400612122,821224651,,dTLB-loads,1000410632,100.00
   131.400612122,699659,,dTLB-store-misses,1000410637,100.00
   131.400612122,418763426,,dTLB-stores,1000410720,100.00
   132.400825727,4859553,,dTLB-load-misses,1000431422,100.00
   132.400825727,820768588,,dTLB-loads,1000431544,100.00
   132.400825727,709125,,dTLB-store-misses,1000431554,100.00
   132.400825727,418520452,,dTLB-stores,1000431551,100.00
   133.401054536,4676510,,dTLB-load-misses,1000454552,100.00
   133.401054536,817682852,,dTLB-loads,1000454563,100.00
   133.401054536,680429,,dTLB-store-misses,1000454398,100.00
   133.401054536,416963208,,dTLB-stores,1000454321,100.00
   134.401286071,4606255,,dTLB-load-misses,1000456412,100.00
   134.401286071,817449428,,dTLB-loads,1000456024,100.00
   134.401286071,671685,,dTLB-store-misses,1000456306,100.00
   134.401286071,416801200,,dTLB-stores,1000456256,100.00
   135.401479693,4505949,,dTLB-load-misses,1000435211,100.00
   135.401479693,818696184,,dTLB-loads,1000435518,100.00
   135.401479693,652867,,dTLB-store-misses,1000435294,100.00
   135.401479693,417430529,,dTLB-stores,1000435216,100.00
   136.401675781,4497548,,dTLB-load-misses,1000376250,100.00
   136.401675781,818359855,,dTLB-loads,1000376129,100.00
   136.401675781,648922,,dTLB-store-misses,1000375991,100.00
   136.401675781,417257121,,dTLB-stores,1000375967,100.00
   137.401908248,1889757,,dTLB-load-misses,1000265514,100.00
   137.401908248,351625364,,dTLB-loads,1000266346,100.00
   137.401908248,279369,,dTLB-store-misses,1000267105,100.00
   137.401908248,181942060,,dTLB-stores,1000267726,100.00
   138.402160530,81669,,dTLB-load-misses,1000309280,100.00
   138.402160530,18816181,,dTLB-loads,1000309109,100.00
   138.402160530,8773,,dTLB-store-misses,1000309005,100.00
   138.402160530,13592927,,dTLB-stores,1000309045,100.00
   139.402417980,137209,,dTLB-load-misses,1000279031,100.00
   139.402417980,26244887,,dTLB-loads,1000279458,100.00
   139.402417980,12253,,dTLB-store-misses,1000279615,100.00
   139.402417980,17312452,,dTLB-stores,1000280047,100.00
   140.402654021,4005209,,dTLB-load-misses,1000238403,100.00
   140.402654021,706874757,,dTLB-loads,1000237269,100.00
   140.402654021,302369,,dTLB-store-misses,1000236588,100.00
   140.402654021,361317448,,dTLB-stores,1000235711,100.00
   141.402876883,4790435,,dTLB-load-misses,1000250869,100.00
   141.402876883,831277326,,dTLB-loads,1000251269,100.00
   141.402876883,371421,,dTLB-store-misses,1000251155,100.00
   141.402876883,424144083,,dTLB-stores,1000251019,100.00
   142.403058633,5106179,,dTLB-load-misses,1000209032,100.00
   142.403058633,830316115,,dTLB-loads,1000210144,100.00
   142.403058633,453300,,dTLB-store-misses,1000210986,100.00
   142.403058633,423668240,,dTLB-stores,1000212078,100.00
   143.403298022,5269076,,dTLB-load-misses,1000263605,100.00
   143.403298022,827466050,,dTLB-loads,1000262242,100.00
   143.403298022,460638,,dTLB-store-misses,1000261630,100.00
   143.403298022,422176144,,dTLB-stores,1000260905,100.00
   144.403511768,5135173,,dTLB-load-misses,1000241751,100.00
   144.403511768,827785713,,dTLB-loads,1000241924,100.00
   144.403511768,417256,,dTLB-store-misses,1000241711,100.00
   144.403511768,422344609,,dTLB-stores,1000241342,100.00
   145.403726205,5050924,,dTLB-load-misses,1000247505,100.00
   145.403726205,828042438,,dTLB-loads,1000248981,100.00
   145.403726205,409313,,dTLB-store-misses,1000250063,100.00
   145.403726205,422470034,,dTLB-stores,1000251041,100.00
   146.403994956,4999471,,dTLB-load-misses,1000285719,100.00
   146.403994956,828166659,,dTLB-loads,1000283951,100.00
   146.403994956,414000,,dTLB-store-misses,1000282901,100.00
   146.403994956,422573283,,dTLB-stores,1000282027,100.00
   147.404194745,4910725,,dTLB-load-misses,1000219441,100.00
   147.404194745,829786567,,dTLB-loads,1000219672,100.00
   147.404194745,385839,,dTLB-store-misses,1000219960,100.00
   147.404194745,423338027,,dTLB-stores,1000219900,100.00
   148.404436570,4852937,,dTLB-load-misses,1000292520,100.00
   148.404436570,832537429,,dTLB-loads,1000292566,100.00
   148.404436570,371740,,dTLB-store-misses,1000292616,100.00
   148.404436570,424738315,,dTLB-stores,1000292931,100.00
   149.404639637,4890670,,dTLB-load-misses,1000264341,100.00
   149.404639637,834645771,,dTLB-loads,1000264464,100.00
   149.404639637,381925,,dTLB-store-misses,1000264369,100.00
   149.404639637,425817715,,dTLB-stores,1000264224,100.00
   150.404875959,4884943,,dTLB-load-misses,1000280145,100.00
   150.404875959,833876703,,dTLB-loads,1000287736,100.00
   150.404875959,393613,,dTLB-store-misses,1000287562,100.00
   150.404875959,425399324,,dTLB-stores,1000287623,100.00
   151.405098154,4789572,,dTLB-load-misses,1000228644,100.00
   151.405098154,835670644,,dTLB-loads,1000220805,100.00
   151.405098154,366395,,dTLB-store-misses,1000220943,100.00
   151.405098154,426294620,,dTLB-stores,1000220781,100.00
   152.405315363,4888879,,dTLB-load-misses,1000250630,100.00
   152.405315363,834675935,,dTLB-loads,1000250560,100.00
   152.405315363,377077,,dTLB-store-misses,1000250460,100.00
   152.405315363,425800175,,dTLB-stores,1000250560,100.00
   153.405530962,5163362,,dTLB-load-misses,1000227120,100.00
   153.405530962,831748157,,dTLB-loads,1000227461,100.00
   153.405530962,442197,,dTLB-store-misses,1000227885,100.00
   153.405530962,424289715,,dTLB-stores,1000227648,100.00
   154.405750159,5340508,,dTLB-load-misses,1000217426,100.00
   154.405750159,832542145,,dTLB-loads,1000217006,100.00
   154.405750159,452182,,dTLB-store-misses,1000216723,100.00
   154.405750159,424670994,,dTLB-stores,1000216943,100.00
   155.405915566,5328090,,dTLB-load-misses,1000177924,100.00
   155.405915566,828761087,,dTLB-loads,1000178751,100.00
   155.405915566,438103,,dTLB-store-misses,1000179244,100.00
   155.405915566,422773074,,dTLB-stores,1000180103,100.00
   156.406139751,5298961,,dTLB-load-misses,1000215796,100.00
   156.406139751,831875635,,dTLB-loads,1000215196,100.00
   156.406139751,429529,,dTLB-store-misses,1000214549,100.00
   156.406139751,424324143,,dTLB-stores,1000213659,100.00
   157.406337641,5216856,,dTLB-load-misses,1000224587,100.00
   157.406337641,834321969,,dTLB-loads,1000224407,100.00
   157.406337641,445123,,dTLB-store-misses,1000224386,100.00
   157.406337641,425531440,,dTLB-stores,1000224185,100.00
   158.406569855,4992454,,dTLB-load-misses,1000255321,100.00
   158.406569855,833353746,,dTLB-loads,1000255454,100.00
   158.406569855,412995,,dTLB-store-misses,1000255478,100.00
   158.406569855,425063468,,dTLB-stores,1000255610,100.00
   159.406761765,4973328,,dTLB-load-misses,1000209701,100.00
   159.406761765,834551377,,dTLB-loads,1000209579,100.00
   159.406761765,401427,,dTLB-store-misses,1000209608,100.00
   159.406761765,425645885,,dTLB-stores,1000209628,100.00
   160.406987156,4946495,,dTLB-load-misses,1000256594,100.00
   160.406987156,832531323,,dTLB-loads,1000256590,100.00
   160.406987156,406020,,dTLB-store-misses,1000256700,100.00
   160.406987156,424622915,,dTLB-stores,1000256653,100.00
   161.407144598,4891592,,dTLB-load-misses,1000179813,100.00
   161.407144598,830780537,,dTLB-loads,1000180025,100.00
   161.407144598,381594,,dTLB-store-misses,1000179990,100.00
   161.407144598,423726380,,dTLB-stores,1000179978,100.00
   162.407339178,4918755,,dTLB-load-misses,1000193887,100.00
   162.407339178,826928633,,dTLB-loads,1000193965,100.00
   162.407339178,387302,,dTLB-store-misses,1000194138,100.00
   162.407339178,421774474,,dTLB-stores,1000194025,100.00
   163.407558441,5028380,,dTLB-load-misses,1000239848,100.00
   163.407558441,832289889,,dTLB-loads,1000239779,100.00
   163.407558441,409452,,dTLB-store-misses,1000239760,100.00
   163.407558441,424477175,,dTLB-stores,1000239900,100.00
   164.407767135,5188227,,dTLB-load-misses,1000226052,100.00
   164.407767135,830837493,,dTLB-loads,1000226109,100.00
   164.407767135,421391,,dTLB-store-misses,1000225979,100.00
   164.407767135,423710678,,dTLB-stores,1000226316,100.00
   165.407947315,5431795,,dTLB-load-misses,1000220917,100.00
   165.407947315,828129921,,dTLB-loads,1000222323,100.00
   165.407947315,462640,,dTLB-store-misses,1000223218,100.00
   165.407947315,422347933,,dTLB-stores,1000224246,100.00
   166.408145284,5700602,,dTLB-load-misses,1000231424,100.00
   166.408145284,828883404,,dTLB-loads,1000230607,100.00
   166.408145284,489615,,dTLB-store-misses,1000230517,100.00
   166.408145284,422730002,,dTLB-stores,1000230095,100.00
   167.408401146,5379718,,dTLB-load-misses,1000203524,100.00
   167.408401146,826220279,,dTLB-loads,1000202852,100.00
   167.408401146,426112,,dTLB-store-misses,1000202019,100.00
   167.408401146,421331587,,dTLB-stores,1000201308,100.00
   168.408620248,5231177,,dTLB-load-misses,1000236024,100.00
   168.408620248,825790775,,dTLB-loads,1000236147,100.00
   168.408620248,440939,,dTLB-store-misses,1000236164,100.00
   168.408620248,421119928,,dTLB-stores,1000236096,100.00
   169.408815552,5180058,,dTLB-load-misses,1000132384,100.00
   169.408815552,823746653,,dTLB-loads,1000132089,100.00
   169.408815552,423398,,dTLB-store-misses,1000132008,100.00
   169.408815552,420032548,,dTLB-stores,1000131890,100.00
   170.409070419,5191958,,dTLB-load-misses,1000340081,100.00
   170.409070419,829517822,,dTLB-loads,1000340206,100.00
   170.409070419,429680,,dTLB-store-misses,1000340199,100.00
   170.409070419,422978340,,dTLB-stores,1000340480,100.00
   171.409268842,5144213,,dTLB-load-misses,1000226919,100.00
   171.409268842,828303901,,dTLB-loads,1000226732,100.00
   171.409268842,410709,,dTLB-store-misses,1000226715,100.00
   171.409268842,422344283,,dTLB-stores,1000226250,100.00
   172.409471250,5068563,,dTLB-load-misses,1000202959,100.00
   172.409471250,824854880,,dTLB-loads,1000202987,100.00
   172.409471250,419125,,dTLB-store-misses,1000202934,100.00
   172.409471250,420569922,,dTLB-stores,1000203077,100.00
   173.409653351,4946402,,dTLB-load-misses,1000193877,100.00
   173.409653351,827853544,,dTLB-loads,1000195244,100.00
   173.409653351,393430,,dTLB-store-misses,1000195958,100.00
   173.409653351,422076768,,dTLB-stores,1000197034,100.00
   174.409842709,5015413,,dTLB-load-misses,1000237367,100.00
   174.409842709,830606115,,dTLB-loads,1000236873,100.00
   174.409842709,414575,,dTLB-store-misses,1000236779,100.00
   174.409842709,423486537,,dTLB-stores,1000236607,100.00
   175.410049218,5008338,,dTLB-load-misses,1000345213,100.00
   175.410049218,833659681,,dTLB-loads,1000344379,100.00
   175.410049218,407375,,dTLB-store-misses,1000343582,100.00
   175.410049218,425066959,,dTLB-stores,1000342457,100.00
   178.316284659,15424016,,dTLB-load-misses,2906799675,100.00
   178.316284659,2412174267,,dTLB-loads,2906799712,100.00
   178.316284659,1329611,,dTLB-store-misses,2906800045,100.00
   178.316284659,1229931760,,dTLB-stores,2906800536,100.00
   179.316512802,5656272,,dTLB-load-misses,1000266817,100.00
   179.316512802,822730392,,dTLB-loads,1000267330,100.00
   179.316512802,503536,,dTLB-store-misses,1000267329,100.00
   179.316512802,419514721,,dTLB-stores,1000267154,100.00
   180.316796324,5586848,,dTLB-load-misses,1000371283,100.00
   180.316796324,830063894,,dTLB-loads,1000370726,100.00
   180.316796324,471962,,dTLB-store-misses,1000370836,100.00
   180.316796324,423185588,,dTLB-stores,1000370854,100.00
   184.590609010,23286051,,dTLB-load-misses,4274642886,100.00
   184.590609010,3468928020,,dTLB-loads,4274643137,100.00
   184.590609010,1960477,,dTLB-store-misses,4274643133,100.00
   184.590609010,1768356287,,dTLB-stores,4274643264,100.00
   185.590849192,5080647,,dTLB-load-misses,1000265401,100.00
   185.590849192,673914058,,dTLB-loads,1000265343,100.00
   185.590849192,434481,,dTLB-store-misses,1000265633,100.00
   185.590849192,343360644,,dTLB-stores,1000265550,100.00
   186.591048391,5154380,,dTLB-load-misses,1000388896,100.00
   186.591048391,843732466,,dTLB-loads,1000388887,100.00
   186.591048391,395050,,dTLB-store-misses,1000388393,100.00
   186.591048391,430090652,,dTLB-stores,1000388270,100.00
   189.656014054,15629799,,dTLB-load-misses,3065496241,100.00
   189.656014054,2550803613,,dTLB-loads,3065496346,100.00
   189.656014054,1233608,,dTLB-store-misses,3065496553,100.00
   189.656014054,1300333880,,dTLB-stores,3065496611,100.00
   190.656235389,5110169,,dTLB-load-misses,1000299248,100.00
   190.656235389,828817765,,dTLB-loads,1000299161,100.00
   190.656235389,395382,,dTLB-store-misses,1000299235,100.00
   190.656235389,422569414,,dTLB-stores,1000299343,100.00
   191.656454061,5402094,,dTLB-load-misses,1000338105,100.00
   191.656454061,828093408,,dTLB-loads,1000337995,100.00
   191.656454061,464080,,dTLB-store-misses,1000337699,100.00
   191.656454061,422141857,,dTLB-stores,1000337543,100.00
   192.656681692,5600496,,dTLB-load-misses,999174396,100.00
   192.656681692,831864720,,dTLB-loads,999174623,100.00
   192.656681692,465172,,dTLB-store-misses,999175208,100.00
   192.656681692,423985117,,dTLB-stores,999175405,100.00
   193.656903749,5686154,,dTLB-load-misses,1000227993,100.00
   193.656903749,832462984,,dTLB-loads,1000227617,100.00
   193.656903749,465604,,dTLB-store-misses,1000227090,100.00
   193.656903749,424302263,,dTLB-stores,1000226845,100.00
   194.657113805,5438348,,dTLB-load-misses,1000271292,100.00
   194.657113805,833769984,,dTLB-loads,1000271408,100.00
   194.657113805,412821,,dTLB-store-misses,1000271426,100.00
   194.657113805,424983905,,dTLB-stores,1000271671,100.00
   195.657316610,5274235,,dTLB-load-misses,1000273665,100.00
   195.657316610,834802414,,dTLB-loads,1000273805,100.00
   195.657316610,389178,,dTLB-store-misses,1000274107,100.00
   195.657316610,425485862,,dTLB-stores,1000273987,100.00
   196.657536329,5135591,,dTLB-load-misses,1000297215,100.00
   196.657536329,835998043,,dTLB-loads,1000297061,100.00
   196.657536329,386056,,dTLB-store-misses,1000296634,100.00
   196.657536329,426124200,,dTLB-stores,1000296542,100.00
   197.657733868,5036997,,dTLB-load-misses,1000263851,100.00
   197.657733868,836375785,,dTLB-loads,1000263791,100.00
   197.657733868,365449,,dTLB-store-misses,1000263774,100.00
   197.657733868,426307826,,dTLB-stores,1000264013,100.00
   198.657925833,4996682,,dTLB-load-misses,1000268312,100.00
   198.657925833,836558681,,dTLB-loads,1000268297,100.00
   198.657925833,373985,,dTLB-store-misses,1000268187,100.00
   198.657925833,426375764,,dTLB-stores,1000268077,100.00
   199.658121933,4962274,,dTLB-load-misses,1000203125,100.00
   199.658121933,833664025,,dTLB-loads,1000203387,100.00
   199.658121933,352653,,dTLB-store-misses,1000203524,100.00
   199.658121933,424900516,,dTLB-stores,1000203563,100.00
   200.658318231,4937104,,dTLB-load-misses,1000191714,100.00
   200.658318231,834289548,,dTLB-loads,1000191651,100.00
   200.658318231,364586,,dTLB-store-misses,1000191687,100.00
   200.658318231,425199556,,dTLB-stores,1000191423,100.00
   201.658518940,4945587,,dTLB-load-misses,1000253387,100.00
   201.658518940,835824468,,dTLB-loads,1000253441,100.00
   201.658518940,350369,,dTLB-store-misses,1000253599,100.00
   201.658518940,425979848,,dTLB-stores,1000253892,100.00
   202.658716520,4934912,,dTLB-load-misses,1000244499,100.00
   202.658716520,834500134,,dTLB-loads,1000244133,100.00
   202.658716520,360726,,dTLB-store-misses,1000243931,100.00
   202.658716520,425316327,,dTLB-stores,1000243554,100.00
   203.658923757,4925177,,dTLB-load-misses,1000235718,100.00
   203.658923757,834364645,,dTLB-loads,1000235710,100.00
   203.658923757,352763,,dTLB-store-misses,1000236143,100.00
   203.658923757,425267449,,dTLB-stores,1000236285,100.00
   204.659091104,4962369,,dTLB-load-misses,1000203803,100.00
   204.659091104,833831586,,dTLB-loads,1000204050,100.00
   204.659091104,365022,,dTLB-store-misses,1000203553,100.00
   204.659091104,424945758,,dTLB-stores,1000203445,100.00
   205.659281931,5190173,,dTLB-load-misses,1000252052,100.00
   205.659281931,833245009,,dTLB-loads,1000252289,100.00
   205.659281931,419151,,dTLB-store-misses,1000252166,100.00
   205.659281931,424684584,,dTLB-stores,1000252191,100.00
   206.659479555,5317929,,dTLB-load-misses,1000261809,100.00
   206.659479555,832684956,,dTLB-loads,1000261623,100.00
   206.659479555,442020,,dTLB-store-misses,1000261840,100.00
   206.659479555,424374346,,dTLB-stores,1000262018,100.00
   207.659721981,5504171,,dTLB-load-misses,1000316520,100.00
   207.659721981,834038248,,dTLB-loads,1000316742,100.00
   207.659721981,431349,,dTLB-store-misses,1000317114,100.00
   207.659721981,425042217,,dTLB-stores,1000317206,100.00
   208.659937449,5576119,,dTLB-load-misses,1000206192,100.00
   208.659937449,795621401,,dTLB-loads,1000205898,100.00
   208.659937449,437161,,dTLB-store-misses,1000205449,100.00
   208.659937449,405423834,,dTLB-stores,1000205265,100.00
   209.660154451,4964702,,dTLB-load-misses,1000160229,100.00
   209.660154451,683362912,,dTLB-loads,1000160001,100.00
   209.660154451,398942,,dTLB-store-misses,1000160392,100.00
   209.660154451,348167210,,dTLB-stores,1000160429,100.00
   210.660372627,4889986,,dTLB-load-misses,1000286841,100.00
   210.660372627,697778610,,dTLB-loads,1000287119,100.00
   210.660372627,395351,,dTLB-store-misses,1000286872,100.00
   210.660372627,355568410,,dTLB-stores,1000286782,100.00
   211.660587932,5205061,,dTLB-load-misses,1000431883,100.00
   211.660587932,840230653,,dTLB-loads,1000431643,100.00
   211.660587932,381387,,dTLB-store-misses,1000431608,100.00
   211.660587932,428162289,,dTLB-stores,1000431594,100.00
   212.660786410,5111007,,dTLB-load-misses,1000380041,100.00
   212.660786410,842890216,,dTLB-loads,1000380871,100.00
   212.660786410,377698,,dTLB-store-misses,1000381060,100.00
   212.660786410,429474918,,dTLB-stores,1000381344,100.00
   213.661036083,5164482,,dTLB-load-misses,1000438240,100.00
   213.661036083,842947337,,dTLB-loads,1000437725,100.00
   213.661036083,373205,,dTLB-store-misses,1000437549,100.00
   213.661036083,429504408,,dTLB-stores,1000437372,100.00
   214.661197516,5108089,,dTLB-load-misses,1000359480,100.00
   214.661197516,841220455,,dTLB-loads,1000359079,100.00
   214.661197516,407739,,dTLB-store-misses,1000359065,100.00
   214.661197516,428609905,,dTLB-stores,1000359071,100.00
   215.661348642,4962858,,dTLB-load-misses,1000347497,100.00
   215.661348642,843115857,,dTLB-loads,1000347945,100.00
   215.661348642,367515,,dTLB-store-misses,1000347947,100.00
   215.661348642,429567679,,dTLB-stores,1000347935,100.00
   216.661559608,5027611,,dTLB-load-misses,1000288914,100.00
   216.661559608,838643900,,dTLB-loads,1000288712,100.00
   216.661559608,393456,,dTLB-store-misses,1000288634,100.00
   216.661559608,427259242,,dTLB-stores,1000288597,100.00
   219.046559522,11456433,,dTLB-load-misses,2385529658,100.00
   219.046559522,1953617660,,dTLB-loads,2385529468,100.00
   219.046559522,1110815,,dTLB-store-misses,2385529409,100.00
   219.046559522,995260841,,dTLB-stores,2385529359,100.00
   220.046772932,4405730,,dTLB-load-misses,1000457648,100.00
   220.046772932,807674041,,dTLB-loads,1000457695,100.00
   220.046772932,717778,,dTLB-store-misses,1000457819,100.00
   220.046772932,411199867,,dTLB-stores,1000458037,100.00
   221.046967258,4441909,,dTLB-load-misses,1000445309,100.00
   221.046967258,811213916,,dTLB-loads,1000445381,100.00
   221.046967258,731842,,dTLB-store-misses,1000445297,100.00
   221.046967258,412995023,,dTLB-stores,1000445149,100.00
   222.047164728,4636190,,dTLB-load-misses,1000460402,100.00
   222.047164728,810678538,,dTLB-loads,1000460640,100.00
   222.047164728,757278,,dTLB-store-misses,1000460497,100.00
   222.047164728,412710416,,dTLB-stores,1000460290,100.00
   223.047324345,4911697,,dTLB-load-misses,1000395048,100.00
   223.047324345,809621616,,dTLB-loads,1000394788,100.00
   223.047324345,827304,,dTLB-store-misses,1000394993,100.00
   223.047324345,412165629,,dTLB-stores,1000395345,100.00
   224.047540111,4915292,,dTLB-load-misses,1000459421,100.00
   224.047540111,809635645,,dTLB-loads,1000459451,100.00
   224.047540111,789101,,dTLB-store-misses,1000459405,100.00
   224.047540111,412170604,,dTLB-stores,1000459252,100.00
   225.047736052,5240019,,dTLB-load-misses,1000444418,100.00
   225.047736052,808695522,,dTLB-loads,1000444268,100.00
   225.047736052,845088,,dTLB-store-misses,1000444323,100.00
   225.047736052,411673419,,dTLB-stores,1000444347,100.00
   226.047943892,5227193,,dTLB-load-misses,1000473917,100.00
   226.047943892,808350515,,dTLB-loads,1000474026,100.00
   226.047943892,856909,,dTLB-store-misses,1000473969,100.00
   226.047943892,411511497,,dTLB-stores,1000473831,100.00
   227.048140438,4975766,,dTLB-load-misses,1000452528,100.00
   227.048140438,808981503,,dTLB-loads,1000452777,100.00
   227.048140438,818553,,dTLB-store-misses,1000452600,100.00
   227.048140438,411827686,,dTLB-stores,1000452875,100.00
   228.048339454,4944063,,dTLB-load-misses,1000449569,100.00
   228.048339454,808957525,,dTLB-loads,1000449349,100.00
   228.048339454,809008,,dTLB-store-misses,1000449516,100.00
   228.048339454,411805606,,dTLB-stores,1000449193,100.00
   229.048564724,4786209,,dTLB-load-misses,1000458905,100.00
   229.048564724,809517661,,dTLB-loads,1000459152,100.00
   229.048564724,777543,,dTLB-store-misses,1000459304,100.00
   229.048564724,412075730,,dTLB-stores,1000459497,100.00
   230.048759104,4606183,,dTLB-load-misses,1000418280,100.00
   230.048759104,808627862,,dTLB-loads,1000417900,100.00
   230.048759104,755822,,dTLB-store-misses,1000417723,100.00
   230.048759104,411642708,,dTLB-stores,1000417658,100.00
   231.048961190,4547795,,dTLB-load-misses,1000393344,100.00
   231.048961190,807478354,,dTLB-loads,1000393428,100.00
   231.048961190,756767,,dTLB-store-misses,1000393581,100.00
   231.048961190,411060872,,dTLB-stores,1000393574,100.00
   232.049182402,4490426,,dTLB-load-misses,1000407449,100.00
   232.049182402,807816161,,dTLB-loads,1000407397,100.00
   232.049182402,752208,,dTLB-store-misses,1000407237,100.00
   232.049182402,411237026,,dTLB-stores,1000407354,100.00
   233.049373086,4379979,,dTLB-load-misses,1000385228,100.00
   233.049373086,808186594,,dTLB-loads,1000385219,100.00
   233.049373086,724939,,dTLB-store-misses,1000385299,100.00
   233.049373086,411421073,,dTLB-stores,1000385425,100.00
   234.049591038,4379791,,dTLB-load-misses,1000418499,100.00
   234.049591038,806731165,,dTLB-loads,1000418524,100.00
   234.049591038,732677,,dTLB-store-misses,1000418506,100.00
   234.049591038,410702913,,dTLB-stores,1000418357,100.00
   235.049747662,4337433,,dTLB-load-misses,1000330911,100.00
   235.049747662,804988206,,dTLB-loads,1000330912,100.00
   235.049747662,722055,,dTLB-store-misses,1000330765,100.00
   235.049747662,409747907,,dTLB-stores,1000330681,100.00
   236.049931532,4340859,,dTLB-load-misses,1000367006,100.00
   236.049931532,804684189,,dTLB-loads,1000366960,100.00
   236.049931532,724812,,dTLB-store-misses,1000367240,100.00
   236.049931532,409569488,,dTLB-stores,1000367297,100.00
   237.050090721,4333038,,dTLB-load-misses,1000368559,100.00
   237.050090721,805409357,,dTLB-loads,1000368426,100.00
   237.050090721,730838,,dTLB-store-misses,1000368191,100.00
   237.050090721,409948112,,dTLB-stores,1000368080,100.00
   238.050303797,4337457,,dTLB-load-misses,1000452988,100.00
   238.050303797,809428443,,dTLB-loads,1000453366,100.00
   238.050303797,725836,,dTLB-store-misses,1000453528,100.00
   238.050303797,411963703,,dTLB-stores,1000453625,100.00
   239.050495694,4370996,,dTLB-load-misses,1000426791,100.00
   239.050495694,810085491,,dTLB-loads,1000426696,100.00
   239.050495694,744121,,dTLB-store-misses,1000426684,100.00
   239.050495694,412327938,,dTLB-stores,1000426659,100.00
   240.050691429,4465892,,dTLB-load-misses,1000430603,100.00
   240.050691429,809931517,,dTLB-loads,1000430542,100.00
   240.050691429,752220,,dTLB-store-misses,1000430433,100.00
   240.050691429,412260169,,dTLB-stores,1000430733,100.00
   241.050886079,4666778,,dTLB-load-misses,1000446711,100.00
   241.050886079,809444487,,dTLB-loads,1000446726,100.00
   241.050886079,794141,,dTLB-store-misses,1000446948,100.00
   241.050886079,411970418,,dTLB-stores,1000446779,100.00
   242.051046535,4924670,,dTLB-load-misses,1000411014,100.00
   242.051046535,808160630,,dTLB-loads,1000411219,100.00
   242.051046535,843873,,dTLB-store-misses,1000411031,100.00
   242.051046535,411337934,,dTLB-stores,1000410756,100.00
   243.051287547,4971023,,dTLB-load-misses,1000489257,100.00
   243.051287547,808022592,,dTLB-loads,1000488945,100.00
   243.051287547,825925,,dTLB-store-misses,1000488940,100.00
   243.051287547,411258383,,dTLB-stores,1000489130,100.00
   244.051477209,5207565,,dTLB-load-misses,1000422366,100.00
   244.051477209,806259305,,dTLB-loads,1000422403,100.00
   244.051477209,858174,,dTLB-store-misses,1000422511,100.00
   244.051477209,410320034,,dTLB-stores,1000423345,100.00
   245.051672387,5183107,,dTLB-load-misses,1000442517,100.00
   245.051672387,806285733,,dTLB-loads,1000442770,100.00
   245.051672387,824983,,dTLB-store-misses,1000442727,100.00
   245.051672387,410356543,,dTLB-stores,1000442063,100.00
   246.051864145,5012620,,dTLB-load-misses,1000396717,100.00
   246.051864145,805093983,,dTLB-loads,1000396575,100.00
   246.051864145,810619,,dTLB-store-misses,1000396625,100.00
   246.051864145,409771722,,dTLB-stores,1000396462,100.00
   247.052082643,4734184,,dTLB-load-misses,1000396377,100.00
   247.052082643,796873515,,dTLB-loads,1000396220,100.00
   247.052082643,765003,,dTLB-store-misses,1000396148,100.00
   247.052082643,405573842,,dTLB-stores,1000396088,100.00
   248.052299705,4566888,,dTLB-load-misses,1000367962,100.00
   248.052299705,792333473,,dTLB-loads,1000368171,100.00
   248.052299705,729506,,dTLB-store-misses,1000368254,100.00
   248.052299705,403269505,,dTLB-stores,1000368499,100.00
   249.052515720,4556842,,dTLB-load-misses,1000399124,100.00
   249.052515720,801605341,,dTLB-loads,1000399126,100.00
   249.052515720,741818,,dTLB-store-misses,1000399339,100.00
   249.052515720,407972405,,dTLB-stores,1000399103,100.00
   250.052734861,4712036,,dTLB-load-misses,1000484224,100.00
   250.052734861,810707517,,dTLB-loads,1000484359,100.00
   250.052734861,771421,,dTLB-store-misses,1000484280,100.00
   250.052734861,412609930,,dTLB-stores,1000484289,100.00
   251.052939883,4608807,,dTLB-load-misses,1000457089,100.00
   251.052939883,811351847,,dTLB-loads,1000456904,100.00
   251.052939883,758319,,dTLB-store-misses,1000456635,100.00
   251.052939883,412910566,,dTLB-stores,1000456841,100.00
   252.053096919,4577424,,dTLB-load-misses,1000405815,100.00
   252.053096919,811728436,,dTLB-loads,1000406150,100.00
   252.053096919,763735,,dTLB-store-misses,1000406273,100.00
   252.053096919,413108087,,dTLB-stores,1000406072,100.00
   253.053300505,4549061,,dTLB-load-misses,1000448798,100.00
   253.053300505,811533412,,dTLB-loads,1000448623,100.00
   253.053300505,747196,,dTLB-store-misses,1000448644,100.00
   253.053300505,412986963,,dTLB-stores,1000448718,100.00
   254.053489328,4544641,,dTLB-load-misses,1000422393,100.00
   254.053489328,811375917,,dTLB-loads,1000422201,100.00
   254.053489328,753588,,dTLB-store-misses,1000422500,100.00
   254.053489328,412901630,,dTLB-stores,1000422456,100.00
   255.053702600,4555756,,dTLB-load-misses,1000457931,100.00
   255.053702600,811401681,,dTLB-loads,1000458840,100.00
   255.053702600,759403,,dTLB-store-misses,1000458470,100.00
   255.053702600,412892354,,dTLB-stores,1000458523,100.00
   256.053899176,4575992,,dTLB-load-misses,1000434810,100.00
   256.053899176,811722582,,dTLB-loads,1000434775,100.00
   256.053899176,760416,,dTLB-store-misses,1000434738,100.00
   256.053899176,413095276,,dTLB-stores,1000434829,100.00
   257.054094139,4556130,,dTLB-load-misses,1000432578,100.00
   257.054094139,811122013,,dTLB-loads,1000432528,100.00
   257.054094139,758048,,dTLB-store-misses,1000432706,100.00
   257.054094139,412729165,,dTLB-stores,1000432589,100.00
   258.054313713,4555829,,dTLB-load-misses,1000416281,100.00
   258.054313713,808297621,,dTLB-loads,1000416464,100.00
   258.054313713,754487,,dTLB-store-misses,1000416364,100.00
   258.054313713,411343044,,dTLB-stores,1000416302,100.00
   259.054506839,4585172,,dTLB-load-misses,1000384931,100.00
   259.054506839,807909770,,dTLB-loads,1000384773,100.00
   259.054506839,762759,,dTLB-store-misses,1000384529,100.00
   259.054506839,411107220,,dTLB-stores,1000384299,100.00
   260.054704122,4573139,,dTLB-load-misses,1000383160,100.00
   260.054704122,806956219,,dTLB-loads,1000383200,100.00
   260.054704122,769069,,dTLB-store-misses,1000383424,100.00
   260.054704122,410613292,,dTLB-stores,1000383702,100.00
   261.054934499,4494662,,dTLB-load-misses,1000441348,100.00
   261.054934499,806414313,,dTLB-loads,1000440502,100.00
   261.054934499,747416,,dTLB-store-misses,1000440474,100.00
   261.054934499,410348047,,dTLB-stores,1000440561,100.00
   262.055105314,4702525,,dTLB-load-misses,1000349253,100.00
   262.055105314,807354747,,dTLB-loads,1000350069,100.00
   262.055105314,792260,,dTLB-store-misses,1000350629,100.00
   262.055105314,410827994,,dTLB-stores,1000351040,100.00
   263.055325957,4937397,,dTLB-load-misses,1000465042,100.00
   263.055325957,809206435,,dTLB-loads,1000464445,100.00
   263.055325957,850085,,dTLB-store-misses,1000463809,100.00
   263.055325957,411785936,,dTLB-stores,1000463045,100.00
   264.055546077,5015822,,dTLB-load-misses,1000463747,100.00
   264.055546077,805915437,,dTLB-loads,1000463466,100.00
   264.055546077,829523,,dTLB-store-misses,1000463447,100.00
   264.055546077,410101054,,dTLB-stores,1000463948,100.00
   265.055760326,5182112,,dTLB-load-misses,1000476039,100.00
   265.055760326,805137068,,dTLB-loads,1000476218,100.00
   265.055760326,817185,,dTLB-store-misses,1000476327,100.00
   265.055760326,409696965,,dTLB-stores,1000475998,100.00
   266.055974814,5215438,,dTLB-load-misses,1000449018,100.00
   266.055974814,804538318,,dTLB-loads,1000448960,100.00
   266.055974814,825353,,dTLB-store-misses,1000449084,100.00
   266.055974814,409396400,,dTLB-stores,1000449115,100.00
   267.056234018,5111914,,dTLB-load-misses,1000515176,100.00
   267.056234018,804392679,,dTLB-loads,1000515215,100.00
   267.056234018,801567,,dTLB-store-misses,1000515025,100.00
   267.056234018,409327975,,dTLB-stores,1000514805,100.00
   268.056463286,5117340,,dTLB-load-misses,1000472232,100.00
   268.056463286,803797098,,dTLB-loads,1000471981,100.00
   268.056463286,834957,,dTLB-store-misses,1000472044,100.00
   268.056463286,409021063,,dTLB-stores,1000471989,100.00
   269.056682693,5072638,,dTLB-load-misses,1000438325,100.00
   269.056682693,804199671,,dTLB-loads,1000438484,100.00
   269.056682693,824020,,dTLB-store-misses,1000438642,100.00
   269.056682693,409189456,,dTLB-stores,1000438876,100.00
   270.056968382,4970813,,dTLB-load-misses,1000554165,100.00
   270.056968382,805071347,,dTLB-loads,1000555327,100.00
   270.056968382,805411,,dTLB-store-misses,1000555141,100.00
   270.056968382,409622623,,dTLB-stores,1000555382,100.00
   271.057163816,4939537,,dTLB-load-misses,1000457214,100.00
   271.057163816,808541378,,dTLB-loads,1000455992,100.00
   271.057163816,815146,,dTLB-store-misses,1000456070,100.00
   271.057163816,411372369,,dTLB-stores,1000455927,100.00
   272.057334898,4795690,,dTLB-load-misses,1000418565,100.00
   272.057334898,809257360,,dTLB-loads,1000419262,100.00
   272.057334898,783216,,dTLB-store-misses,1000419811,100.00
   272.057334898,411811385,,dTLB-stores,1000420351,100.00
   273.057570113,4755057,,dTLB-load-misses,1000499494,100.00
   273.057570113,810931690,,dTLB-loads,1000498876,100.00
   273.057570113,787809,,dTLB-store-misses,1000498345,100.00
   273.057570113,412635985,,dTLB-stores,1000497769,100.00
   274.057790968,4706416,,dTLB-load-misses,1000460028,100.00
   274.057790968,810560532,,dTLB-loads,1000459901,100.00
   274.057790968,791892,,dTLB-store-misses,1000459724,100.00
   274.057790968,412401485,,dTLB-stores,1000459646,100.00
   275.057979621,4672311,,dTLB-load-misses,1000437557,100.00
   275.057979621,808254246,,dTLB-loads,1000437796,100.00
   275.057979621,781696,,dTLB-store-misses,1000437834,100.00
   275.057979621,411213056,,dTLB-stores,1000437861,100.00
   276.058173287,4640356,,dTLB-load-misses,1000432546,100.00
   276.058173287,808782039,,dTLB-loads,1000432703,100.00
   276.058173287,771199,,dTLB-store-misses,1000432889,100.00
   276.058173287,411485432,,dTLB-stores,1000432868,100.00
   277.058397730,4586140,,dTLB-load-misses,1000452380,100.00
   277.058397730,808374924,,dTLB-loads,1000452083,100.00
   277.058397730,772917,,dTLB-store-misses,1000452234,100.00
   277.058397730,411311715,,dTLB-stores,1000452297,100.00
   278.058620993,4493732,,dTLB-load-misses,1000414252,100.00
   278.058620993,803562277,,dTLB-loads,1000414254,100.00
   278.058620993,753118,,dTLB-store-misses,1000413975,100.00
   278.058620993,408837708,,dTLB-stores,1000414075,100.00
   279.058862842,3205580,,dTLB-load-misses,1000379619,100.00
   279.058862842,575042661,,dTLB-loads,1000380425,100.00
   279.058862842,534142,,dTLB-store-misses,1000380958,100.00
   279.058862842,294105571,,dTLB-stores,1000381510,100.00
   280.059112574,76666,,dTLB-load-misses,1000301161,100.00
   280.059112574,18484261,,dTLB-loads,1000301152,100.00
   280.059112574,9684,,dTLB-store-misses,1000301231,100.00
   280.059112574,13516966,,dTLB-stores,1000301480,100.00
   281.059337711,112156,,dTLB-load-misses,1000272249,100.00
   281.059337711,22485603,,dTLB-loads,1000272254,100.00
   281.059337711,11321,,dTLB-store-misses,1000272305,100.00
   281.059337711,15604458,,dTLB-stores,1000272010,100.00
   282.059561211,3000623,,dTLB-load-misses,999763709,100.00
   282.059561211,484365526,,dTLB-loads,999763055,100.00
   282.059561211,219875,,dTLB-store-misses,999762542,100.00
   282.059561211,248348642,,dTLB-stores,999762189,100.00
   283.059716850,5108343,,dTLB-load-misses,1000205305,100.00
   283.059716850,827819904,,dTLB-loads,1000205423,100.00
   283.059716850,373711,,dTLB-store-misses,1000205212,100.00
   283.059716850,421503959,,dTLB-stores,1000205002,100.00
   284.059932984,4948810,,dTLB-load-misses,1000220117,100.00
   284.059932984,784729706,,dTLB-loads,1000220067,100.00
   284.059932984,359687,,dTLB-store-misses,1000220403,100.00
   284.059932984,399533904,,dTLB-stores,1000220497,100.00
   285.060152262,4717959,,dTLB-load-misses,1000179095,100.00
   285.060152262,675374694,,dTLB-loads,1000179009,100.00
   285.060152262,353696,,dTLB-store-misses,1000179188,100.00
   285.060152262,343794046,,dTLB-stores,1000179302,100.00
   286.060321281,4509523,,dTLB-load-misses,1000095912,100.00
   286.060321281,670504992,,dTLB-loads,1000096530,100.00
   286.060321281,349502,,dTLB-store-misses,1000096952,100.00
   286.060321281,341297736,,dTLB-stores,1000097393,100.00
   287.060568928,4391244,,dTLB-load-misses,1000195196,100.00
   287.060568928,669683197,,dTLB-loads,1000194914,100.00
   287.060568928,333019,,dTLB-store-misses,1000194182,100.00
   287.060568928,340902221,,dTLB-stores,1000193560,100.00
   288.060785296,4454348,,dTLB-load-misses,1000126094,100.00
   288.060785296,668492633,,dTLB-loads,1000125657,100.00
   288.060785296,344164,,dTLB-store-misses,1000125752,100.00
   288.060785296,340323784,,dTLB-stores,1000125894,100.00
   289.060965199,4550059,,dTLB-load-misses,1000114789,100.00
   289.060965199,668607542,,dTLB-loads,1000114591,100.00
   289.060965199,370490,,dTLB-store-misses,1000114373,100.00
   289.060965199,340423509,,dTLB-stores,1000114172,100.00
   290.061142080,4728989,,dTLB-load-misses,1000091588,100.00
   290.061142080,667508569,,dTLB-loads,1000092020,100.00
   290.061142080,418468,,dTLB-store-misses,1000092261,100.00
   290.061142080,339790898,,dTLB-stores,1000092300,100.00
   291.061338296,4855457,,dTLB-load-misses,1000143964,100.00
   291.061338296,667059637,,dTLB-loads,1000143796,100.00
   291.061338296,450055,,dTLB-store-misses,1000143529,100.00
   291.061338296,339579167,,dTLB-stores,1000143310,100.00
   292.061531046,5048731,,dTLB-load-misses,1000103415,100.00
   292.061531046,667195254,,dTLB-loads,1000103340,100.00
   292.061531046,458726,,dTLB-store-misses,1000103265,100.00
   292.061531046,339669897,,dTLB-stores,1000103439,100.00
   293.061730312,5174709,,dTLB-load-misses,1000108213,100.00
   293.061730312,668341043,,dTLB-loads,1000108394,100.00
   293.061730312,458181,,dTLB-store-misses,1000108830,100.00
   293.061730312,340226011,,dTLB-stores,1000108945,100.00
   294.061921835,5192438,,dTLB-load-misses,1000120665,100.00
   294.061921835,666571629,,dTLB-loads,1000120468,100.00
   294.061921835,481404,,dTLB-store-misses,1000120207,100.00
   294.061921835,339377896,,dTLB-stores,1000120022,100.00
   295.062124053,5324117,,dTLB-load-misses,1000142032,100.00
   295.062124053,700554654,,dTLB-loads,1000142090,100.00
   295.062124053,460210,,dTLB-store-misses,1000141965,100.00
   295.062124053,356667294,,dTLB-stores,1000142201,100.00
   296.062321916,5760197,,dTLB-load-misses,1000263490,100.00
   296.062321916,820541444,,dTLB-loads,1000263901,100.00
   296.062321916,464414,,dTLB-store-misses,1000264032,100.00
   296.062321916,417778561,,dTLB-stores,1000263850,100.00
   297.062517087,5688740,,dTLB-load-misses,1000254324,100.00
   297.062517087,821093098,,dTLB-loads,1000254075,100.00
   297.062517087,459576,,dTLB-store-misses,1000253991,100.00
   297.062517087,418060335,,dTLB-stores,1000253989,100.00
   298.062736903,5507661,,dTLB-load-misses,1000274699,100.00
   298.062736903,824477809,,dTLB-loads,1000274798,100.00
   298.062736903,435998,,dTLB-store-misses,1000274788,100.00
   298.062736903,419733239,,dTLB-stores,1000274925,100.00
   299.062967042,5405139,,dTLB-load-misses,1000288053,100.00
   299.062967042,824945936,,dTLB-loads,1000287926,100.00
   299.062967042,432470,,dTLB-store-misses,1000288233,100.00
   299.062967042,419988396,,dTLB-stores,1000288281,100.00
   300.063186202,5276383,,dTLB-load-misses,1000278106,100.00
   300.063186202,826108740,,dTLB-loads,1000278065,100.00
   300.063186202,415734,,dTLB-store-misses,1000277794,100.00
   300.063186202,420625470,,dTLB-stores,1000277607,100.00
   301.063378555,5189078,,dTLB-load-misses,1000260306,100.00
   301.063378555,826554225,,dTLB-loads,1000260300,100.00
   301.063378555,413825,,dTLB-store-misses,1000260173,100.00
   301.063378555,420779192,,dTLB-stores,1000260227,100.00
   302.063580567,5097611,,dTLB-load-misses,1000269857,100.00
   302.063580567,822939140,,dTLB-loads,1000269968,100.00
   302.063580567,391547,,dTLB-store-misses,1000270049,100.00
   302.063580567,418960896,,dTLB-stores,1000269918,100.00
   303.063801451,5220863,,dTLB-load-misses,1000266334,100.00
   303.063801451,825625424,,dTLB-loads,1000265950,100.00
   303.063801451,389146,,dTLB-store-misses,1000266050,100.00
   303.063801451,420309525,,dTLB-stores,1000266145,100.00
   304.063972609,5205129,,dTLB-load-misses,1000222746,100.00
   304.063972609,825020665,,dTLB-loads,1000224102,100.00
   304.063972609,391701,,dTLB-store-misses,1000224566,100.00
   304.063972609,419996191,,dTLB-stores,1000225708,100.00
   305.064231584,5222249,,dTLB-load-misses,1000277423,100.00
   305.064231584,825905049,,dTLB-loads,1000276534,100.00
   305.064231584,384129,,dTLB-store-misses,1000276102,100.00
   305.064231584,420461618,,dTLB-stores,1000275012,100.00
   306.064402340,5202571,,dTLB-load-misses,1000219394,100.00
   306.064402340,829262601,,dTLB-loads,1000219696,100.00
   306.064402340,379615,,dTLB-store-misses,1000220305,100.00
   306.064402340,422156021,,dTLB-stores,1000221144,100.00
   307.064605255,5207818,,dTLB-load-misses,1000295079,100.00
   307.064605255,831226960,,dTLB-loads,1000295590,100.00
   307.064605255,385973,,dTLB-store-misses,1000295777,100.00
   307.064605255,423155108,,dTLB-stores,1000296108,100.00
   308.064854249,5204056,,dTLB-load-misses,1000320800,100.00
   308.064854249,831332726,,dTLB-loads,1000320031,100.00
   308.064854249,385054,,dTLB-store-misses,1000319274,100.00
   308.064854249,423189404,,dTLB-stores,1000318151,100.00
   309.065097335,5180928,,dTLB-load-misses,1000291920,100.00
   309.065097335,830336944,,dTLB-loads,1000293435,100.00
   309.065097335,376739,,dTLB-store-misses,1000294243,100.00
   309.065097335,422673270,,dTLB-stores,1000295640,100.00
   310.065302201,5164344,,dTLB-load-misses,1000214051,100.00
   310.065302201,828929569,,dTLB-loads,1000212221,100.00
   310.065302201,369561,,dTLB-store-misses,1000211286,100.00
   310.065302201,421957405,,dTLB-stores,1000209777,100.00
   311.065474753,5094873,,dTLB-load-misses,1000148326,100.00
   311.065474753,828864056,,dTLB-loads,1000149072,100.00
   311.065474753,378556,,dTLB-store-misses,1000149420,100.00
   311.065474753,421891720,,dTLB-stores,1000150109,100.00
   312.065762431,5120414,,dTLB-load-misses,1000315210,100.00
   312.065762431,828248374,,dTLB-loads,1000314546,100.00
   312.065762431,375638,,dTLB-store-misses,1000314331,100.00
   312.065762431,421591096,,dTLB-stores,1000313804,100.00
   313.065958900,5111558,,dTLB-load-misses,1000242986,100.00
   313.065958900,829980317,,dTLB-loads,1000242812,100.00
   313.065958900,372877,,dTLB-store-misses,1000242573,100.00
   313.065958900,422505815,,dTLB-stores,1000242379,100.00
   314.066149523,5105569,,dTLB-load-misses,1000199178,100.00
   314.066149523,823117331,,dTLB-loads,1000199134,100.00
   314.066149523,379127,,dTLB-store-misses,1000199179,100.00
   314.066149523,418962617,,dTLB-stores,1000199219,100.00
   315.066354737,5105618,,dTLB-load-misses,1000162186,100.00
   315.066354737,837750789,,dTLB-loads,1000162414,100.00
   315.066354737,373941,,dTLB-store-misses,1000162621,100.00
   315.066354737,426322677,,dTLB-stores,1000162770,100.00
   316.066549005,5143037,,dTLB-load-misses,1000218563,100.00
   316.066549005,837312120,,dTLB-loads,1000218445,100.00
   316.066549005,369866,,dTLB-store-misses,1000218267,100.00
   316.066549005,426168399,,dTLB-stores,1000218183,100.00
   319.942716000,21603602,,dTLB-load-misses,3876760832,100.00
   319.942716000,3249409913,,dTLB-loads,3876760871,100.00
   319.942716000,1718343,,dTLB-store-misses,3876761039,100.00
   319.942716000,1653857988,,dTLB-stores,3876761049,100.00
   320.942911032,5837962,,dTLB-load-misses,1000305164,100.00
   320.942911032,836937044,,dTLB-loads,1000304992,100.00
   320.942911032,456429,,dTLB-store-misses,1000304837,100.00
   320.942911032,425945270,,dTLB-stores,1000304780,100.00
   321.943135580,5924952,,dTLB-load-misses,1000423455,100.00
   321.943135580,839362644,,dTLB-loads,1000423592,100.00
   321.943135580,456397,,dTLB-store-misses,1000423553,100.00
   321.943135580,427162956,,dTLB-stores,1000423521,100.00
   325.134123218,18718638,,dTLB-load-misses,3191681223,100.00
   325.134123218,2652686245,,dTLB-loads,3191681203,100.00
   325.134123218,1445616,,dTLB-store-misses,3191681215,100.00
   325.134123218,1350188260,,dTLB-stores,3191681184,100.00
   326.134313782,5529465,,dTLB-load-misses,1000221834,100.00
   326.134313782,827985421,,dTLB-loads,1000221963,100.00
   326.134313782,423493,,dTLB-store-misses,1000222481,100.00
   326.134313782,421454345,,dTLB-stores,1000222623,100.00
   327.134533008,5346413,,dTLB-load-misses,1000288577,100.00
   327.134533008,831134618,,dTLB-loads,1000288409,100.00
   327.134533008,403035,,dTLB-store-misses,1000287908,100.00
   327.134533008,423041820,,dTLB-stores,1000287828,100.00
   328.406969887,6783270,,dTLB-load-misses,1272512025,100.00
   328.406969887,1060016734,,dTLB-loads,1272512210,100.00
   328.406969887,528955,,dTLB-store-misses,1272512173,100.00
   328.406969887,539487791,,dTLB-stores,1272512144,100.00
   329.407191981,5212254,,dTLB-load-misses,1000298873,100.00
   329.407191981,832778025,,dTLB-loads,1000298898,100.00
   329.407191981,408819,,dTLB-store-misses,1000298865,100.00
   329.407191981,423836476,,dTLB-stores,1000299005,100.00
   330.407386147,5172738,,dTLB-load-misses,1000308457,100.00
   330.407386147,834242986,,dTLB-loads,1000308406,100.00
   330.407386147,404501,,dTLB-store-misses,1000308357,100.00
   330.407386147,424551546,,dTLB-stores,1000308089,100.00
   331.407544989,5178847,,dTLB-load-misses,1000265770,100.00
   331.407544989,838896794,,dTLB-loads,1000265672,100.00
   331.407544989,388930,,dTLB-store-misses,1000265592,100.00
   331.407544989,426924477,,dTLB-stores,1000265585,100.00
   334.294557548,14952955,,dTLB-load-misses,2887283713,100.00
   334.294557548,2409704018,,dTLB-loads,2887283806,100.00
   334.294557548,1130702,,dTLB-store-misses,2887284327,100.00
   334.294557548,1226433639,,dTLB-stores,2887284559,100.00
   335.294816388,5158222,,dTLB-load-misses,1000304666,100.00
   335.294816388,831318059,,dTLB-loads,1000304582,100.00
   335.294816388,389195,,dTLB-store-misses,1000304258,100.00
   335.294816388,423101657,,dTLB-stores,1000304076,100.00
   336.295030882,5148908,,dTLB-load-misses,1000243994,100.00
   336.295030882,829120681,,dTLB-loads,1000244021,100.00
   336.295030882,382787,,dTLB-store-misses,1000244121,100.00
   336.295030882,422014901,,dTLB-stores,1000244210,100.00
   337.295252620,5106903,,dTLB-load-misses,1000234443,100.00
   337.295252620,828833887,,dTLB-loads,1000234421,100.00
   337.295252620,380950,,dTLB-store-misses,1000234379,100.00
   337.295252620,421843409,,dTLB-stores,1000234464,100.00
   338.295417144,5076936,,dTLB-load-misses,1000160039,100.00
   338.295417144,829427447,,dTLB-loads,1000160603,100.00
   338.295417144,374664,,dTLB-store-misses,1000161038,100.00
   338.295417144,422162641,,dTLB-stores,1000161644,100.00
   339.295638467,5001547,,dTLB-load-misses,1000190610,100.00
   339.295638467,818245332,,dTLB-loads,1000190042,100.00
   339.295638467,363371,,dTLB-store-misses,1000189634,100.00
   339.295638467,416462464,,dTLB-stores,1000188856,100.00
   340.295851922,4944705,,dTLB-load-misses,1000212321,100.00
   340.295851922,820494058,,dTLB-loads,1000212599,100.00
   340.295851922,359138,,dTLB-store-misses,1000212579,100.00
   340.295851922,417604962,,dTLB-stores,1000212531,100.00
   341.296051699,4990648,,dTLB-load-misses,1000182552,100.00
   341.296051699,823728577,,dTLB-loads,1000182144,100.00
   341.296051699,367567,,dTLB-store-misses,1000182120,100.00
   341.296051699,419213144,,dTLB-stores,1000182279,100.00
   342.296292531,4929010,,dTLB-load-misses,1000234790,100.00
   342.296292531,822194944,,dTLB-loads,1000234809,100.00
   342.296292531,365105,,dTLB-store-misses,1000234895,100.00
   342.296292531,418432676,,dTLB-stores,1000235183,100.00
   343.296495787,5039891,,dTLB-load-misses,1000245516,100.00
   343.296495787,833152224,,dTLB-loads,1000245783,100.00
   343.296495787,373701,,dTLB-store-misses,1000245828,100.00
   343.296495787,424026681,,dTLB-stores,1000245534,100.00
   344.296723331,2083422,,dTLB-load-misses,415350925,100.00
   344.296723331,345390668,,dTLB-loads,415345264,100.00
   344.296723331,150584,,dTLB-store-misses,415341541,100.00
   344.296723331,175812250,,dTLB-stores,415338447,100.00
   345.296961374,15176,,dTLB-load-misses,5054093,100.00
   345.296961374,645640,,dTLB-loads,5054093,100.00
   345.296961374,349,,dTLB-store-misses,5054093,100.00
   345.296961374,391951,,dTLB-stores,5054093,100.00
   346.297130678,15246,,dTLB-load-misses,4988904,100.00
   346.297130678,645572,,dTLB-loads,4988904,100.00
   346.297130678,427,,dTLB-store-misses,4988904,100.00
   346.297130678,392623,,dTLB-stores,4988904,100.00
   347.297337199,15362,,dTLB-load-misses,5066468,100.00
   347.297337199,638755,,dTLB-loads,5066468,100.00
   347.297337199,412,,dTLB-store-misses,5066468,100.00
   347.297337199,387468,,dTLB-stores,5066468,100.00
   348.297533586,15219,,dTLB-load-misses,5046710,100.00
   348.297533586,647564,,dTLB-loads,5046710,100.00
   348.297533586,415,,dTLB-store-misses,5046710,100.00
   348.297533586,392872,,dTLB-stores,5046710,100.00
   349.297755531,15254,,dTLB-load-misses,4976616,100.00
   349.297755531,636405,,dTLB-loads,4976616,100.00
   349.297755531,372,,dTLB-store-misses,4976616,100.00
   349.297755531,386306,,dTLB-stores,4976616,100.00
   350.297966518,15474,,dTLB-load-misses,5054033,100.00
   350.297966518,642771,,dTLB-loads,5054033,100.00
   350.297966518,421,,dTLB-store-misses,5054033,100.00
   350.297966518,389929,,dTLB-stores,5054033,100.00
   351.298163587,15165,,dTLB-load-misses,5001146,100.00
   351.298163587,638643,,dTLB-loads,5001146,100.00
   351.298163587,368,,dTLB-store-misses,5001146,100.00
   351.298163587,387728,,dTLB-stores,5001146,100.00
   352.298385520,15081,,dTLB-load-misses,5023336,100.00
   352.298385520,638975,,dTLB-loads,5023336,100.00
   352.298385520,356,,dTLB-store-misses,5023336,100.00
   352.298385520,387703,,dTLB-stores,5023336,100.00
   353.298558992,15186,,dTLB-load-misses,4960212,100.00
   353.298558992,642370,,dTLB-loads,4960212,100.00
   353.298558992,365,,dTLB-store-misses,4960212,100.00
   353.298558992,389479,,dTLB-stores,4960212,100.00
   354.298813057,15133,,dTLB-load-misses,4666350,100.00
   354.298813057,644390,,dTLB-loads,4666350,100.00
   354.298813057,365,,dTLB-store-misses,4666350,100.00
   354.298813057,390437,,dTLB-stores,4666350,100.00
   355.299036302,14513,,dTLB-load-misses,4647122,100.00
   355.299036302,652488,,dTLB-loads,4647122,100.00
   355.299036302,339,,dTLB-store-misses,4647122,100.00
   355.299036302,395530,,dTLB-stores,4647122,100.00
   356.299261224,14847,,dTLB-load-misses,4637914,100.00
   356.299261224,639402,,dTLB-loads,4637914,100.00
   356.299261224,322,,dTLB-store-misses,4637914,100.00
   356.299261224,388002,,dTLB-stores,4637914,100.00
   360.937192984,67261,,dTLB-load-misses,24999793,100.00
   360.937192984,2977419,,dTLB-loads,24999793,100.00
   360.937192984,1478,,dTLB-store-misses,24999793,100.00
   360.937192984,1806093,,dTLB-stores,24999793,100.00
   361.937386199,14490,,dTLB-load-misses,4634211,100.00
   361.937386199,640765,,dTLB-loads,4634211,100.00
   361.937386199,336,,dTLB-store-misses,4634211,100.00
   361.937386199,388501,,dTLB-stores,4634211,100.00
   364.811323605,42389,,dTLB-load-misses,15202041,100.00
   364.811323605,1857915,,dTLB-loads,15202041,100.00
   364.811323605,1079,,dTLB-store-misses,15202041,100.00
   364.811323605,1127467,,dTLB-stores,15202041,100.00
   365.811558088,14688,,dTLB-load-misses,4561019,100.00
   365.811558088,650056,,dTLB-loads,4561019,100.00
   365.811558088,370,,dTLB-store-misses,4561019,100.00
   365.811558088,392826,,dTLB-stores,4561019,100.00
   366.811750778,14790,,dTLB-load-misses,4517905,100.00
   366.811750778,645295,,dTLB-loads,4517905,100.00
   366.811750778,340,,dTLB-store-misses,4517905,100.00
   366.811750778,389480,,dTLB-stores,4517905,100.00
   367.811940528,14729,,dTLB-load-misses,4473616,100.00
   367.811940528,643160,,dTLB-loads,4473616,100.00
   367.811940528,341,,dTLB-store-misses,4473616,100.00
   367.811940528,388536,,dTLB-stores,4473616,100.00
   368.812154173,14924,,dTLB-load-misses,4512375,100.00
   368.812154173,644037,,dTLB-loads,4512375,100.00
   368.812154173,369,,dTLB-store-misses,4512375,100.00
   368.812154173,389100,,dTLB-stores,4512375,100.00
   369.812335568,14590,,dTLB-load-misses,4338247,100.00
   369.812335568,640307,,dTLB-loads,4338247,100.00
   369.812335568,332,,dTLB-store-misses,4338247,100.00
   369.812335568,386865,,dTLB-stores,4338247,100.00
   370.812549761,14284,,dTLB-load-misses,4425204,100.00
   370.812549761,638558,,dTLB-loads,4425204,100.00
   370.812549761,347,,dTLB-store-misses,4425204,100.00
   370.812549761,385891,,dTLB-stores,4425204,100.00
   371.812758622,14665,,dTLB-load-misses,4470765,100.00
   371.812758622,642726,,dTLB-loads,4470765,100.00
   371.812758622,330,,dTLB-store-misses,4470765,100.00
   371.812758622,388303,,dTLB-stores,4470765,100.00
   372.812948475,14681,,dTLB-load-misses,4458135,100.00
   372.812948475,653215,,dTLB-loads,4458135,100.00
   372.812948475,321,,dTLB-store-misses,4458135,100.00
   372.812948475,393919,,dTLB-stores,4458135,100.00
   373.813096600,14962,,dTLB-load-misses,4477388,100.00
   373.813096600,644161,,dTLB-loads,4477388,100.00
   373.813096600,358,,dTLB-store-misses,4477388,100.00
   373.813096600,389037,,dTLB-stores,4477388,100.00
   374.813301943,14482,,dTLB-load-misses,4443316,100.00
   374.813301943,645500,,dTLB-loads,4443316,100.00
   374.813301943,352,,dTLB-store-misses,4443316,100.00
   374.813301943,389892,,dTLB-stores,4443316,100.00
   375.813488856,14958,,dTLB-load-misses,4388786,100.00
   375.813488856,644451,,dTLB-loads,4388786,100.00
   375.813488856,336,,dTLB-store-misses,4388786,100.00
   375.813488856,389524,,dTLB-stores,4388786,100.00
   376.813681610,14970,,dTLB-load-misses,5267837,100.00
   376.813681610,642692,,dTLB-loads,5267837,100.00
   376.813681610,343,,dTLB-store-misses,5267837,100.00
   376.813681610,388266,,dTLB-stores,5267837,100.00
   377.813916197,15049,,dTLB-load-misses,5572183,100.00
   377.813916197,642615,,dTLB-loads,5572183,100.00
   377.813916197,327,,dTLB-store-misses,5572183,100.00
   377.813916197,388256,,dTLB-stores,5572183,100.00
   378.814133479,14790,,dTLB-load-misses,5179153,100.00
   378.814133479,640872,,dTLB-loads,5179153,100.00
   378.814133479,345,,dTLB-store-misses,5179153,100.00
   378.814133479,387586,,dTLB-stores,5179153,100.00
   379.814355991,14554,,dTLB-load-misses,4616705,100.00
   379.814355991,637796,,dTLB-loads,4616705,100.00
   379.814355991,343,,dTLB-store-misses,4616705,100.00
   379.814355991,385647,,dTLB-stores,4616705,100.00
   380.814539573,14542,,dTLB-load-misses,4687257,100.00
   380.814539573,639415,,dTLB-loads,4687257,100.00
   380.814539573,339,,dTLB-store-misses,4687257,100.00
   380.814539573,386456,,dTLB-stores,4687257,100.00
   381.814749574,14183,,dTLB-load-misses,4639067,100.00
   381.814749574,687822,,dTLB-loads,4639067,100.00
   381.814749574,352,,dTLB-store-misses,4639067,100.00
   381.814749574,418029,,dTLB-stores,4639067,100.00
   382.814959998,14490,,dTLB-load-misses,4659685,100.00
   382.814959998,649098,,dTLB-loads,4659685,100.00
   382.814959998,326,,dTLB-store-misses,4659685,100.00
   382.814959998,392056,,dTLB-stores,4659685,100.00
   384.732664279,27423,,dTLB-load-misses,9144497,100.00
   384.732664279,1240574,,dTLB-loads,9144497,100.00
   384.732664279,606,,dTLB-store-misses,9144497,100.00
   384.732664279,749430,,dTLB-stores,9144497,100.00
   385.732889962,14695,,dTLB-load-misses,4552736,100.00
   385.732889962,655339,,dTLB-loads,4552736,100.00
   385.732889962,345,,dTLB-store-misses,4552736,100.00
   385.732889962,395249,,dTLB-stores,4552736,100.00
   386.733126268,14564,,dTLB-load-misses,4410241,100.00
   386.733126268,643644,,dTLB-loads,4410241,100.00
   386.733126268,339,,dTLB-store-misses,4410241,100.00
   386.733126268,388376,,dTLB-stores,4410241,100.00
   387.733300972,14881,,dTLB-load-misses,4952013,100.00
   387.733300972,644476,,dTLB-loads,4952013,100.00
   387.733300972,351,,dTLB-store-misses,4952013,100.00
   387.733300972,389951,,dTLB-stores,4952013,100.00
   388.733514636,14240,,dTLB-load-misses,5080034,100.00
   388.733514636,631201,,dTLB-loads,5080034,100.00
   388.733514636,369,,dTLB-store-misses,5080034,100.00
   388.733514636,381751,,dTLB-stores,5080034,100.00
   389.733698176,14239,,dTLB-load-misses,5372158,100.00
   389.733698176,646988,,dTLB-loads,5372158,100.00
   389.733698176,351,,dTLB-store-misses,5372158,100.00
   389.733698176,390225,,dTLB-stores,5372158,100.00
   390.733887665,15375,,dTLB-load-misses,5434538,100.00
   390.733887665,641729,,dTLB-loads,5434538,100.00
   390.733887665,373,,dTLB-store-misses,5434538,100.00
   390.733887665,387629,,dTLB-stores,5434538,100.00
   391.734102206,15368,,dTLB-load-misses,5271750,100.00
   391.734102206,639668,,dTLB-loads,5271750,100.00
   391.734102206,363,,dTLB-store-misses,5271750,100.00
   391.734102206,386568,,dTLB-stores,5271750,100.00
   392.734314238,15090,,dTLB-load-misses,5161097,100.00
   392.734314238,643331,,dTLB-loads,5161097,100.00
   392.734314238,380,,dTLB-store-misses,5161097,100.00
   392.734314238,389109,,dTLB-stores,5161097,100.00
   393.734525260,15058,,dTLB-load-misses,5814880,100.00
   393.734525260,636817,,dTLB-loads,5814880,100.00
   393.734525260,407,,dTLB-store-misses,5814880,100.00
   393.734525260,384801,,dTLB-stores,5814880,100.00
   394.734709985,15055,,dTLB-load-misses,5272502,100.00
   394.734709985,646839,,dTLB-loads,5272502,100.00
   394.734709985,361,,dTLB-store-misses,5272502,100.00
   394.734709985,390325,,dTLB-stores,5272502,100.00
   395.734921162,15313,,dTLB-load-misses,5313859,100.00
   395.734921162,652457,,dTLB-loads,5313859,100.00
   395.734921162,367,,dTLB-store-misses,5313859,100.00
   395.734921162,393273,,dTLB-stores,5313859,100.00
   396.735136468,15139,,dTLB-load-misses,5503956,100.00
   396.735136468,637579,,dTLB-loads,5503956,100.00
   396.735136468,374,,dTLB-store-misses,5503956,100.00
   396.735136468,385526,,dTLB-stores,5503956,100.00
   397.735364414,15078,,dTLB-load-misses,5349405,100.00
   397.735364414,650346,,dTLB-loads,5349405,100.00
   397.735364414,351,,dTLB-store-misses,5349405,100.00
   397.735364414,392176,,dTLB-stores,5349405,100.00
   398.735523951,14835,,dTLB-load-misses,5304885,100.00
   398.735523951,656112,,dTLB-loads,5304885,100.00
   398.735523951,360,,dTLB-store-misses,5304885,100.00
   398.735523951,395309,,dTLB-stores,5304885,100.00
   399.735792942,14616,,dTLB-load-misses,5072766,100.00
   399.735792942,639626,,dTLB-loads,5072766,100.00
   399.735792942,368,,dTLB-store-misses,5072766,100.00
   399.735792942,386112,,dTLB-stores,5072766,100.00
   400.736051046,15883,,dTLB-load-misses,6467637,100.00
   400.736051046,644462,,dTLB-loads,6467637,100.00
   400.736051046,437,,dTLB-store-misses,6467637,100.00
   400.736051046,389399,,dTLB-stores,6467637,100.00
   401.736282483,15129,,dTLB-load-misses,5252498,100.00
   401.736282483,644159,,dTLB-loads,5252498,100.00
   401.736282483,342,,dTLB-store-misses,5252498,100.00
   401.736282483,388988,,dTLB-stores,5252498,100.00
   402.736445024,14876,,dTLB-load-misses,5120634,100.00
   402.736445024,639319,,dTLB-loads,5120634,100.00
   402.736445024,345,,dTLB-store-misses,5120634,100.00
   402.736445024,386224,,dTLB-stores,5120634,100.00
   403.736681808,14655,,dTLB-load-misses,5126238,100.00
   403.736681808,645512,,dTLB-loads,5126238,100.00
   403.736681808,367,,dTLB-store-misses,5126238,100.00
   403.736681808,389553,,dTLB-stores,5126238,100.00
   404.736891600,15605,,dTLB-load-misses,5359158,100.00
   404.736891600,646029,,dTLB-loads,5359158,100.00
   404.736891600,397,,dTLB-store-misses,5359158,100.00
   404.736891600,390645,,dTLB-stores,5359158,100.00
   405.737044738,15412,,dTLB-load-misses,5120824,100.00
   405.737044738,654192,,dTLB-loads,5120824,100.00
   405.737044738,376,,dTLB-store-misses,5120824,100.00
   405.737044738,395503,,dTLB-stores,5120824,100.00
   406.737225420,15168,,dTLB-load-misses,5090974,100.00
   406.737225420,650097,,dTLB-loads,5090974,100.00
   406.737225420,397,,dTLB-store-misses,5090974,100.00
   406.737225420,392481,,dTLB-stores,5090974,100.00
   407.737442827,15787,,dTLB-load-misses,5975947,100.00
   407.737442827,645985,,dTLB-loads,5975947,100.00
   407.737442827,389,,dTLB-store-misses,5975947,100.00
   407.737442827,390021,,dTLB-stores,5975947,100.00
   408.737645869,15008,,dTLB-load-misses,5073429,100.00
   408.737645869,642771,,dTLB-loads,5073429,100.00
   408.737645869,362,,dTLB-store-misses,5073429,100.00
   408.737645869,387725,,dTLB-stores,5073429,100.00
   409.737859933,15179,,dTLB-load-misses,5387275,100.00
   409.737859933,652941,,dTLB-loads,5387275,100.00
   409.737859933,361,,dTLB-store-misses,5387275,100.00
   409.737859933,393284,,dTLB-stores,5387275,100.00
   410.738061620,15391,,dTLB-load-misses,5525712,100.00
   410.738061620,647047,,dTLB-loads,5525712,100.00
   410.738061620,373,,dTLB-store-misses,5525712,100.00
   410.738061620,390727,,dTLB-stores,5525712,100.00
   411.738283812,14982,,dTLB-load-misses,5148844,100.00
   411.738283812,642983,,dTLB-loads,5148844,100.00
   411.738283812,363,,dTLB-store-misses,5148844,100.00
   411.738283812,388343,,dTLB-stores,5148844,100.00
   412.738488139,15116,,dTLB-load-misses,5384810,100.00
   412.738488139,649214,,dTLB-loads,5384810,100.00
   412.738488139,377,,dTLB-store-misses,5384810,100.00
   412.738488139,391888,,dTLB-stores,5384810,100.00
   413.738715066,15069,,dTLB-load-misses,5174893,100.00
   413.738715066,639803,,dTLB-loads,5174893,100.00
   413.738715066,383,,dTLB-store-misses,5174893,100.00
   413.738715066,386414,,dTLB-stores,5174893,100.00
   414.738959544,16028,,dTLB-load-misses,6612026,100.00
   414.738959544,647926,,dTLB-loads,6612026,100.00
   414.738959544,419,,dTLB-store-misses,6612026,100.00
   414.738959544,390901,,dTLB-stores,6612026,100.00
   415.739211795,16348,,dTLB-load-misses,6550609,100.00
   415.739211795,640066,,dTLB-loads,6550609,100.00
   415.739211795,474,,dTLB-store-misses,6550609,100.00
   415.739211795,387287,,dTLB-stores,6550609,100.00
   416.739446638,15768,,dTLB-load-misses,6200778,100.00
   416.739446638,652706,,dTLB-loads,6200778,100.00
   416.739446638,400,,dTLB-store-misses,6200778,100.00
   416.739446638,393937,,dTLB-stores,6200778,100.00
   417.739684785,15893,,dTLB-load-misses,5698145,100.00
   417.739684785,833454,,dTLB-loads,5698145,100.00
   417.739684785,422,,dTLB-store-misses,5698145,100.00
   417.739684785,508753,,dTLB-stores,5698145,100.00
   418.739894516,15072,,dTLB-load-misses,5284841,100.00
   418.739894516,644438,,dTLB-loads,5284841,100.00
   418.739894516,344,,dTLB-store-misses,5284841,100.00
   418.739894516,390336,,dTLB-stores,5284841,100.00
   418.847760330,1298,,dTLB-load-misses,423250,100.00
   418.847760330,63313,,dTLB-loads,423250,100.00
   418.847760330,39,,dTLB-store-misses,423250,100.00
   418.847760330,37829,,dTLB-stores,423250,100.00
